AB->A,AB	AB->B,AB	ABC->A,ABC	ABC->B,ABC	ABC->C,ABC	AC->A,AC	AC->C,AC	BC->B,BC	BC->C,BC
1	1	2	0	0	0	1	1	0	0
2	0	1	0	0	0	1	1	0	0
3	0	2	0	0	0	1	1	0	0
4	1	0	0	0	0	1	1	0	0
5	0	2	0	0	0	1	1	0	0
6	0	2	0	0	0	1	1	0	0
7	1	0	0	0	0	0	0	1	1
8	1	0	0	1	1	0	0	0	0
9	0	0	1	0	1	0	0	0	0
10	0	2	0	0	1	0	0	0	0
11	0	2	0	0	1	0	0	0	0
12	0	2	0	0	0	1	1	0	0
13	1	0	0	1	1	0	0	0	0
14	0	2	0	0	0	1	1	0	0
15	0	2	1	0	1	0	0	0	0
16	2	2	0	0	0	1	1	0	0
17	0	2	0	0	0	1	1	0	0
18	0	2	0	0	0	1	1	0	0
19	0	0	0	0	0	1	1	0	0
20	0	2	0	0	0	1	1	0	0
21	0	1	1	0	1	0	0	0	0
22	1	0	0	0	0	0	0	1	1
23	1	2	1	0	1	0	0	0	0
24	0	2	0	0	0	1	1	0	0
25	0	2	0	0	0	1	1	0	0
26	0	1	0	0	0	1	1	0	0
27	0	2	1	0	1	0	0	0	0
28	0	2	0	0	1	0	0	0	0
29	0	2	1	0	1	0	0	0	0
30	0	2	0	0	0	1	1	0	0
31	0	2	0	0	1	0	0	0	0
32	1	2	0	0	0	1	1	0	0
33	0	2	0	0	0	1	1	0	0
34	2	2	1	0	1	0	0	0	0
35	0	2	0	0	0	1	1	0	0
36	1	0	0	0	1	0	0	0	0
37	1	2	1	0	1	0	0	0	0
38	1	2	0	0	0	1	1	0	0
39	0	2	0	0	0	1	1	0	0
40	0	2	1	0	1	0	0	0	0
41	0	2	0	0	0	1	1	0	0
42	0	2	1	0	1	0	0	0	0
43	2	2	0	0	0	1	1	0	0
44	0	2	0	0	0	1	1	0	0
45	0	2	0	0	0	1	1	0	0
46	0	2	1	0	1	0	0	0	0
47	0	1	0	0	0	1	1	0	0
48	0	2	0	0	1	0	0	0	0
49	0	2	0	0	0	1	1	0	0
50	0	2	1	0	1	0	0	0	0
51	0	2	1	0	1	0	0	0	0
52	0	1	1	0	1	0	0	0	0
53	0	2	1	0	1	0	0	0	0
54	1	0	0	0	1	0	0	0	0
55	0	2	0	0	0	1	1	0	0
56	0	0	1	0	1	0	0	0	0
57	1	0	0	0	0	0	0	1	1
58	2	2	1	0	1	0	0	0	0
59	0	2	0	0	0	1	1	0	0
60	0	2	0	0	1	0	0	0	0
61	1	0	0	0	0	1	1	0	0
62	0	2	1	0	1	0	0	0	0
63	0	2	1	0	1	0	0	0	0
64	0	2	0	0	0	1	1	0	0
65	1	0	0	1	1	0	0	0	0
66	0	2	0	0	0	1	1	0	0
67	1	0	0	0	0	0	0	1	1
68	1	2	0	0	0	1	1	0	0
69	0	2	1	0	1	0	0	0	0
70	0	2	1	0	1	0	0	0	0
71	2	2	0	0	1	0	0	0	0
72	2	1	0	0	0	0	0	1	1
73	0	2	1	0	1	0	0	0	0
74	0	1	0	0	0	1	1	0	0
75	0	2	1	0	1	0	0	0	0
76	0	2	1	0	1	0	0	0	0
77	0	2	0	0	0	1	1	0	0
78	0	2	0	0	0	1	1	0	0
79	0	2	1	0	1	0	0	0	0
80	0	2	0	0	0	1	1	0	0
81	2	2	0	0	0	1	1	0	0
82	0	2	1	0	1	0	0	0	0
83	1	0	0	0	0	0	0	1	1
84	0	2	0	0	1	0	0	0	0
85	1	0	0	0	1	0	0	0	0
86	0	2	0	0	0	1	1	0	0
87	0	2	1	0	1	0	0	0	0
88	1	0	1	0	1	0	0	0	0
89	1	0	0	0	0	1	1	0	0
90	0	2	1	0	1	0	0	0	0
91	1	2	0	0	0	1	1	0	0
92	0	0	1	0	1	0	0	0	0
93	0	2	1	0	1	0	0	0	0
94	0	2	1	0	1	0	0	0	0
95	0	2	0	0	0	0	0	0	0
96	0	2	1	0	1	0	0	0	0
97	0	1	1	0	1	0	0	0	0
98	0	2	0	0	0	1	1	0	0
99	0	2	0	0	0	1	1	0	0
100	1	0	0	0	0	1	1	0	0
101	0	2	0	0	0	1	1	0	0
102	0	2	1	0	1	0	0	0	0
103	2	2	0	0	1	0	0	0	0
104	0	2	0	0	0	1	1	0	0
105	0	2	0	0	1	0	0	0	0
106	2	2	0	0	0	0	0	0	0
107	1	2	1	0	1	0	0	0	0
108	0	2	0	0	0	1	1	0	0
109	0	2	0	0	0	0	0	0	0
110	2	2	0	0	0	0	0	1	1
111	0	2	0	0	0	1	1	0	0
112	0	2	0	0	0	1	1	0	0
113	1	0	0	1	1	0	0	0	0
114	0	2	0	0	0	1	1	0	0
115	1	0	0	1	1	0	0	0	0
116	1	1	1	0	1	0	0	0	0
117	1	2	0	0	0	1	1	0	0
118	0	0	1	0	1	0	0	0	0
119	0	2	1	0	1	0	0	0	0
120	2	0	0	0	0	0	0	0	0
121	1	0	0	0	0	0	0	0	0
122	2	2	0	0	1	0	0	0	0
123	0	2	1	0	1	0	0	0	0
124	0	2	0	0	0	1	1	0	0
125	0	2	1	0	1	0	0	0	0
126	0	2	0	0	0	1	1	0	0
127	0	2	0	0	0	1	1	0	0
128	0	0	0	0	0	1	1	0	0
129	0	0	1	0	1	0	0	0	0
130	2	2	0	0	0	0	0	1	1
131	0	2	0	0	1	0	0	0	0
132	0	2	0	0	0	1	0	0	0
133	0	2	0	0	0	1	1	0	0
134	1	0	0	0	1	0	0	0	0
135	0	2	0	0	1	0	0	0	0
136	1	2	0	0	0	1	1	0	0
137	1	0	0	0	0	0	0	1	1
138	0	2	1	0	1	0	0	0	0
139	0	2	1	0	1	0	0	0	0
140	2	2	0	0	1	0	0	0	0
141	0	2	0	0	0	1	1	0	0
142	0	2	0	0	0	1	1	0	0
143	0	2	0	0	0	1	0	0	0
144	0	2	0	0	0	1	1	0	0
145	1	2	0	0	1	0	0	0	0
146	1	0	0	0	0	1	1	0	0
147	0	2	0	0	0	1	1	0	0
148	0	2	0	0	0	1	1	0	0
149	2	2	0	0	0	0	0	1	1
150	0	2	0	0	0	1	1	0	0
151	2	2	0	1	1	0	0	0	0
152	0	2	0	0	0	1	1	0	0
153	2	2	0	0	1	0	0	0	0
154	2	2	0	0	0	1	1	0	0
155	0	2	1	0	1	0	0	0	0
156	0	2	0	0	0	1	1	0	0
157	0	1	1	0	1	0	0	0	0
158	1	2	0	0	0	0	0	0	0
159	1	0	0	1	1	0	0	0	0
160	0	2	1	0	1	0	0	0	0
161	1	0	1	0	1	0	0	0	0
162	0	2	1	0	1	0	0	0	0
163	0	2	1	0	1	0	0	0	0
164	0	2	0	0	0	1	1	0	0
165	0	2	1	0	1	0	0	0	0
166	1	2	0	0	0	1	1	0	0
167	0	2	0	0	0	1	1	0	0
168	0	2	1	0	1	0	0	0	0
169	2	2	1	0	1	0	0	0	0
170	2	2	0	0	0	0	0	0	0
171	0	2	0	0	0	1	1	0	0
172	0	2	0	0	0	1	1	0	0
173	2	2	0	0	1	0	0	0	0
174	0	2	1	0	1	0	0	0	0
175	2	2	0	0	1	0	0	0	0
176	0	2	1	0	1	0	0	0	0
177	0	2	1	0	1	0	0	0	0
178	2	1	0	0	0	0	0	1	1
179	0	1	1	0	1	0	0	0	0
180	0	2	0	0	0	1	1	0	0
181	1	0	0	1	1	0	0	0	0
182	0	2	1	0	1	0	0	0	0
183	0	2	0	0	0	1	1	0	0
184	2	2	1	0	1	0	0	0	0
185	0	2	1	0	1	0	0	0	0
186	0	2	0	0	0	1	1	0	0
187	0	1	1	0	1	0	0	0	0
188	0	2	0	0	0	0	0	0	0
189	1	0	0	1	1	0	0	0	0
190	0	2	0	0	0	1	1	0	0
191	0	2	0	0	0	1	1	0	0
192	0	2	1	0	1	0	0	0	0
193	0	2	1	0	1	0	0	0	0
194	0	2	1	0	1	0	0	0	0
195	1	0	0	0	0	1	1	0	0
196	0	2	1	0	1	0	0	0	0
197	0	2	1	0	1	0	0	0	0
198	0	0	0	0	1	0	0	0	0
199	0	2	0	0	0	1	1	0	0
200	0	2	1	0	1	0	0	0	0
201	1	2	0	0	1	0	0	0	0
202	0	2	0	0	0	1	1	0	0
203	0	2	0	0	0	1	1	0	0
204	0	0	0	0	0	1	1	0	0
205	0	2	0	0	0	1	1	0	0
206	1	0	0	0	0	1	1	0	0
207	0	2	0	0	0	1	1	0	0
208	0	2	0	0	1	0	0	0	0
209	1	0	0	1	1	0	0	0	0
210	0	2	1	0	1	0	0	0	0
211	1	0	0	0	0	1	0	0	0
212	0	2	0	0	0	1	1	0	0
213	0	2	1	0	1	0	0	0	0
214	1	2	1	0	1	0	0	0	0
215	2	2	0	0	0	1	1	0	0
216	0	2	0	0	0	1	1	0	0
217	0	2	0	0	0	1	1	0	0
218	1	0	1	0	1	0	0	0	0
219	0	2	0	0	0	1	1	0	0
220	0	2	0	0	0	1	1	0	0
221	0	2	0	0	0	1	1	0	0
222	0	2	1	0	1	0	0	0	0
223	2	2	0	0	0	1	1	0	0
224	0	2	1	0	1	0	0	0	0
225	0	2	0	0	0	1	1	0	0
226	0	2	0	0	0	0	0	0	0
227	0	2	0	0	0	1	1	0	0
228	1	2	0	0	0	1	1	0	0
229	0	2	0	0	0	0	0	0	1
230	0	2	1	0	1	0	0	0	0
231	0	0	0	0	1	0	0	0	0
232	0	2	1	0	1	0	0	0	0
233	0	1	0	0	0	1	1	0	0
234	0	2	0	0	0	1	1	0	0
235	0	2	0	0	1	0	0	0	0
236	1	0	1	0	1	0	0	0	0
237	0	2	0	0	0	1	1	0	0
238	2	2	0	0	1	0	0	0	0
239	0	2	1	0	1	0	0	0	0
240	0	2	0	0	0	1	1	0	0
241	0	2	0	0	0	1	1	0	0
242	0	2	0	0	0	1	1	0	0
243	0	2	0	0	1	0	0	0	0
244	0	2	1	0	1	0	0	0	0
245	0	1	0	0	0	1	1	0	0
246	1	2	0	0	0	0	0	0	0
247	0	2	1	0	1	0	0	0	0
248	0	2	1	0	1	0	0	0	0
249	0	2	0	0	0	1	1	0	0
250	0	2	0	0	0	0	0	0	1
251	1	2	0	0	0	1	1	0	0
252	0	2	0	0	1	0	0	0	0
253	0	2	1	0	1	0	0	0	0
254	0	2	0	0	0	1	1	0	0
255	1	0	0	0	0	0	0	1	1
256	0	2	0	0	1	0	0	0	0
257	1	0	0	1	1	0	0	0	0
258	0	2	0	0	1	0	0	0	0
259	0	2	0	0	0	1	1	0	0
260	0	2	1	0	1	0	0	0	0
261	0	2	1	0	1	0	0	0	0
262	1	0	0	0	0	0	0	1	1
263	0	2	0	0	1	0	0	0	0
264	0	2	1	0	1	0	0	0	0
265	0	2	1	0	1	0	0	0	0
266	0	2	1	0	1	0	0	0	0
267	0	2	0	0	1	0	0	0	0
268	0	0	1	0	1	0	0	0	0
269	0	2	0	0	0	1	1	0	0
270	1	0	1	0	1	0	0	0	0
271	0	2	1	0	1	0	0	0	0
272	0	2	0	0	0	1	1	0	0
273	1	0	1	0	1	0	0	0	0
274	0	2	1	0	1	0	0	0	0
275	1	0	1	0	1	0	0	0	0
276	0	2	0	0	0	1	1	0	0
277	0	2	1	0	0	0	0	0	1
278	0	2	1	0	0	0	1	0	0
279	2	2	0	0	0	0	0	0	0
280	0	2	1	0	1	0	0	0	0
281	2	2	1	0	1	0	0	0	0
282	0	2	0	0	0	1	1	0	0
283	0	2	0	0	0	1	1	0	0
284	0	2	0	0	0	1	1	0	0
285	1	2	0	0	0	0	0	0	0
286	1	2	0	0	0	1	1	0	0
287	0	2	0	0	0	1	1	0	0
288	0	2	0	0	1	0	0	0	0
289	0	2	1	0	1	0	0	0	0
290	1	0	0	1	1	0	0	0	0
291	0	1	0	0	0	1	0	0	0
292	1	2	0	0	0	0	0	0	0
293	1	0	0	0	0	1	1	0	0
294	0	2	1	0	1	0	0	0	0
295	0	2	0	0	1	0	0	0	0
296	0	2	1	0	1	0	0	0	0
297	0	2	1	0	1	0	0	0	0
298	0	2	0	0	0	1	1	0	0
299	0	2	1	0	1	0	0	0	0
300	0	2	0	0	1	0	0	0	0
301	0	2	0	0	1	0	0	0	0
302	0	2	0	0	0	1	1	0	0
303	0	2	0	0	0	1	1	0	0
304	0	2	0	0	0	0	0	0	0
305	0	2	1	0	1	0	0	0	0
306	0	2	0	0	0	1	1	0	0
307	0	2	0	0	1	0	0	0	0
308	0	2	1	0	0	0	0	0	1
309	1	2	1	0	1	0	0	0	0
310	1	0	0	1	1	0	0	0	0
311	2	2	0	0	1	0	0	0	0
312	0	0	0	0	1	0	0	0	0
313	0	2	0	0	0	1	1	0	0
314	0	2	0	0	0	1	1	0	0
315	2	2	0	0	0	0	0	0	0
316	0	2	0	0	0	1	1	0	0
317	1	2	1	0	1	0	0	0	0
318	0	2	1	0	1	0	0	0	0
319	0	2	1	0	1	0	0	0	0
320	0	2	0	0	0	0	0	0	0
321	0	2	0	0	0	1	1	0	0
322	2	0	0	0	0	0	0	0	0
323	1	0	0	0	0	1	1	0	0
324	0	2	0	0	1	0	0	0	0
325	0	2	1	0	1	0	0	0	0
326	0	2	0	0	1	0	0	0	0
327	0	2	0	0	0	1	1	0	0
328	0	2	1	0	1	0	0	0	0
329	2	2	1	0	1	0	0	0	0
330	0	2	0	0	0	1	1	0	0
331	2	2	0	1	1	0	0	0	0
332	0	2	0	0	0	1	1	0	0
333	1	0	0	0	1	0	0	0	0
334	1	0	0	0	0	0	0	1	1
335	0	2	0	0	0	1	1	0	0
336	0	2	0	0	0	1	1	0	0
337	0	2	0	0	0	1	1	0	0
338	0	2	0	0	0	0	0	0	0
339	2	2	0	0	0	1	1	0	0
340	2	2	0	0	1	0	0	0	0
341	0	2	0	0	1	0	0	0	0
342	0	2	0	0	0	1	1	0	0
343	0	2	1	0	1	0	0	0	0
344	0	2	1	0	1	0	0	0	0
345	2	2	0	0	1	0	0	0	0
346	0	2	0	0	0	1	1	0	0
347	0	2	1	0	1	0	0	0	0
348	1	0	0	1	1	0	0	0	0
349	0	2	1	0	1	0	0	0	0
350	0	2	1	0	1	0	0	0	0
351	0	2	0	0	1	0	0	0	0
352	2	2	0	0	0	0	0	1	1
353	0	2	1	0	1	0	0	0	0
354	0	2	0	0	0	1	1	0	0
355	0	2	1	0	1	0	0	0	0
356	0	2	0	0	0	1	1	0	0
357	1	2	0	0	0	1	1	0	0
358	0	2	1	0	1	0	0	0	0
359	0	0	0	0	0	1	1	0	0
360	1	2	0	0	0	0	0	0	0
361	0	2	1	0	1	0	0	0	0
362	0	2	0	0	0	0	1	0	0
363	0	2	0	0	1	0	0	0	0
364	0	2	0	0	0	1	1	0	0
365	0	2	0	0	0	1	1	0	0
366	0	2	0	0	0	1	1	0	0
367	0	2	1	0	1	0	0	0	0
368	1	0	0	0	0	0	0	1	1
369	0	2	0	0	0	1	1	0	0
370	0	2	0	0	0	0	0	0	0
371	2	2	0	0	1	0	0	0	0
372	0	2	1	0	1	0	0	0	0
373	0	2	1	0	1	0	0	0	0
374	0	2	0	0	0	1	1	0	0
375	0	1	0	0	0	1	1	0	0
376	1	0	1	0	1	0	0	0	0
377	0	2	0	0	0	1	1	0	0
378	0	2	1	0	1	0	0	0	0
379	0	2	1	0	1	0	0	0	0
380	0	2	0	0	0	1	1	0	0
381	1	0	0	0	0	0	0	0	0
382	2	1	0	1	1	0	0	0	0
383	1	0	0	0	0	1	1	0	0
384	0	2	0	0	0	1	1	0	0
385	0	2	1	0	1	0	0	0	0
386	1	0	0	0	0	1	1	0	0
387	0	2	1	0	1	0	0	0	0
388	1	0	0	0	0	1	1	0	0
389	0	2	1	0	1	0	0	0	0
390	0	2	0	0	0	1	1	0	0
391	0	2	0	0	1	0	0	0	0
392	2	2	0	0	0	0	0	1	1
393	0	2	0	0	0	1	1	0	0
394	0	2	0	0	0	1	1	0	0
395	0	2	0	0	0	1	1	0	0
396	0	2	1	0	1	0	0	0	0
397	0	2	0	0	1	0	0	0	0
398	1	1	0	0	0	0	0	0	0
399	2	3	0	0	0	0	0	0	0
400	1	2	0	0	0	1	1	0	0
401	0	2	1	0	1	0	0	0	0
402	0	2	0	0	0	1	1	0	0
403	0	2	0	0	1	0	0	0	0
404	0	2	0	0	0	1	1	0	0
405	0	2	0	0	0	1	1	0	0
406	1	2	1	0	1	0	0	0	0
407	1	2	0	0	0	0	1	0	0
408	1	2	1	0	1	0	0	0	0
409	0	2	0	0	0	1	1	0	0
410	0	2	0	0	0	1	1	0	0
411	1	2	1	0	1	0	0	0	0
412	0	2	0	0	0	1	1	0	0
413	0	2	1	0	1	0	0	0	0
414	0	1	1	0	1	0	0	0	0
415	0	2	1	0	1	0	0	0	0
416	0	2	0	0	0	1	1	0	0
417	0	2	1	0	1	0	0	0	0
418	2	2	0	0	0	0	0	1	1
419	0	2	0	0	0	1	1	0	0
420	0	1	0	0	0	1	1	0	0
421	0	2	0	0	1	0	0	0	0
422	0	2	0	0	0	1	1	0	0
423	0	2	0	0	1	0	0	0	0
424	0	2	1	0	1	0	0	0	0
425	0	1	0	0	0	1	1	0	0
426	0	2	1	0	1	0	0	0	0
427	0	1	0	0	0	1	1	0	0
428	0	2	0	0	1	0	0	0	0
429	0	0	0	0	0	1	1	0	0
430	0	2	0	0	0	1	1	0	0
431	0	2	0	0	0	1	1	0	0
432	0	2	0	0	0	1	1	0	0
433	0	0	0	0	0	1	1	0	0
434	0	2	1	0	1	0	0	0	0
435	1	0	1	0	1	0	0	0	0
436	0	2	1	0	1	0	0	0	0
437	0	2	0	0	1	0	0	0	0
438	0	2	0	0	1	0	0	0	0
439	0	2	0	0	0	1	1	0	0
440	0	2	1	0	1	0	0	0	0
441	0	2	0	0	1	0	0	0	0
442	0	2	1	0	1	0	0	0	0
443	0	2	1	0	1	0	0	0	0
444	0	2	0	0	0	1	1	0	0
445	0	2	1	0	1	0	0	0	0
446	1	0	0	0	0	0	0	1	1
447	0	2	0	0	0	1	1	0	0
448	0	2	0	0	0	1	1	0	0
449	0	2	0	0	0	1	1	0	0
450	0	0	1	0	1	0	0	0	0
451	0	2	1	0	1	0	0	0	0
452	0	2	1	0	1	0	0	0	0
453	0	2	0	0	0	1	1	0	0
454	0	0	1	0	1	0	0	0	0
455	1	0	0	1	1	0	0	0	0
456	0	2	0	0	0	1	0	0	0
457	0	2	0	0	0	1	1	0	0
458	0	2	0	0	1	0	0	0	0
459	0	0	0	0	0	1	1	0	0
460	1	1	0	0	1	0	0	0	0
461	1	0	0	1	1	0	0	0	0
462	0	2	0	0	1	0	0	0	0
463	0	2	0	0	0	1	1	0	0
464	1	0	0	0	0	1	0	0	0
465	0	2	1	0	1	0	0	0	0
466	0	2	0	0	0	0	0	0	0
467	0	2	0	0	1	0	0	0	0
468	0	2	0	0	0	1	1	0	0
469	0	2	1	0	1	0	0	0	0
470	0	2	0	0	0	1	1	0	0
471	0	2	0	0	1	0	0	0	0
472	0	2	0	0	0	1	1	0	0
473	0	2	1	0	1	0	0	0	0
474	0	2	1	0	1	0	0	0	0
475	2	2	0	0	0	0	0	0	0
476	0	2	0	0	0	1	1	0	0
477	2	2	0	0	0	1	1	0	0
478	0	2	0	0	0	1	1	0	0
479	0	0	0	0	0	1	1	0	0
480	1	2	0	0	1	0	0	0	0
481	0	2	0	0	0	1	1	0	0
482	0	2	1	0	1	0	0	0	0
483	0	2	1	0	1	0	0	0	0
484	0	2	1	0	0	0	0	0	1
485	0	2	0	0	0	0	0	0	0
486	0	2	0	0	0	1	1	0	0
487	2	2	0	0	1	0	0	0	0
488	0	2	1	0	1	0	0	0	0
489	1	2	1	0	1	0	0	0	0
490	0	2	0	0	0	1	1	0	0
491	0	0	1	0	1	0	0	0	0
492	0	2	0	0	0	1	1	0	0
493	0	2	1	0	1	0	0	0	0
494	2	2	0	0	0	1	1	0	0
495	0	2	0	0	0	1	1	0	0
496	0	2	1	0	1	0	0	0	0
497	0	2	1	0	1	0	0	0	0
498	0	2	1	0	1	0	0	0	0
499	0	2	0	0	0	1	1	0	0
500	2	2	1	0	1	0	0	0	0
501	0	2	0	0	0	0	0	0	0
502	0	2	1	0	1	0	0	0	0
503	1	2	1	0	1	0	0	0	0
504	2	2	1	0	1	0	0	0	0
505	2	2	0	0	0	0	0	1	0
506	0	2	1	0	1	0	0	0	0
507	0	0	0	0	0	1	1	0	0
508	0	2	1	0	1	0	0	0	0
509	0	2	1	0	1	0	0	0	0
510	0	0	0	0	0	1	1	0	0
511	0	2	1	0	1	0	0	0	0
512	0	2	1	0	1	0	0	0	0
513	0	2	1	0	1	0	0	0	0
514	0	2	1	0	1	0	0	0	0
515	0	2	0	0	0	1	1	0	0
516	1	0	0	0	0	0	0	1	1
517	0	2	0	0	1	0	0	0	0
518	1	1	0	0	0	1	1	0	0
519	2	2	1	0	1	0	0	0	0
520	0	2	0	0	0	1	1	0	0
521	0	0	1	0	1	0	0	0	0
522	1	2	1	0	1	0	0	0	0
523	0	0	1	0	1	0	0	0	0
524	1	2	0	0	0	1	1	0	0
525	1	2	1	0	1	0	0	0	0
526	1	0	0	1	1	0	0	0	0
527	0	0	1	0	1	0	0	0	0
528	0	2	0	0	0	1	1	0	0
529	1	0	0	1	1	0	0	0	0
530	0	2	0	0	0	1	1	0	0
531	0	2	0	0	0	1	1	0	0
532	0	0	0	0	0	1	1	0	0
533	0	1	0	0	0	1	1	0	0
534	0	2	1	0	1	0	0	0	0
535	0	2	1	0	1	0	0	0	0
536	0	2	1	0	1	0	0	0	0
537	0	2	1	0	1	0	0	0	0
538	0	2	1	0	1	0	0	0	0
539	1	0	0	0	0	0	0	0	0
540	0	2	1	0	1	0	0	0	0
541	1	0	0	0	0	1	1	0	0
542	2	2	0	1	1	0	0	0	0
543	0	2	0	0	1	0	0	0	0
544	0	2	0	0	0	1	1	0	0
545	0	2	0	0	0	0	0	0	0
546	0	2	1	0	1	0	0	0	0
547	0	2	0	0	0	1	1	0	0
548	0	2	1	0	1	0	0	0	0
549	0	2	0	0	0	1	1	0	0
550	0	2	1	0	1	0	0	0	0
551	0	2	1	0	1	0	0	0	0
552	0	2	0	0	0	1	1	0	0
553	1	0	0	0	0	1	1	0	0
554	0	2	0	0	0	1	1	0	0
555	0	2	1	0	1	0	0	0	0
556	0	2	0	0	0	0	1	0	0
557	0	0	1	0	1	0	0	0	0
558	0	2	1	0	1	0	0	0	0
559	0	2	0	0	0	1	1	0	0
560	1	2	0	0	1	0	0	0	0
561	0	2	1	0	1	0	0	0	0
562	1	2	0	0	0	0	0	0	0
563	0	2	0	0	0	1	1	0	0
564	0	2	0	0	0	1	1	0	0
565	2	2	1	0	1	0	0	0	0
566	0	2	0	0	0	1	1	0	0
567	0	2	0	0	0	1	1	0	0
568	0	2	1	0	1	0	0	0	0
569	0	2	0	0	0	1	1	0	0
570	0	2	0	0	0	1	1	0	0
571	0	2	1	0	1	0	0	0	0
572	0	2	0	0	0	1	1	0	0
573	0	2	0	0	0	1	1	0	0
574	0	2	1	0	1	0	0	0	0
575	0	2	1	0	1	0	0	0	0
576	0	2	0	0	0	1	1	0	0
577	2	2	0	0	1	0	0	0	0
578	1	0	1	0	1	0	0	0	0
579	0	0	1	0	1	0	0	0	0
580	0	2	1	0	1	0	0	0	0
581	1	2	0	0	0	1	1	0	0
582	0	2	0	0	0	1	1	0	0
583	0	2	0	0	1	0	0	0	0
584	0	0	0	0	0	1	1	0	0
585	0	2	0	0	0	1	1	0	0
586	0	0	0	0	1	0	0	0	0
587	0	2	0	0	0	1	1	0	0
588	0	2	1	0	1	0	0	0	0
589	0	0	1	0	1	0	0	0	0
590	0	2	1	0	1	0	0	0	0
591	0	2	0	0	0	1	1	0	0
592	0	2	0	0	0	1	1	0	0
593	0	2	0	0	0	1	1	0	0
594	0	2	0	0	0	1	1	0	0
595	0	2	0	0	0	1	1	0	0
596	0	2	1	0	1	0	0	0	0
597	0	1	1	0	1	0	0	0	0
598	2	2	0	1	1	0	0	0	0
599	1	0	0	0	0	1	1	0	0
600	0	0	0	0	0	1	1	0	0
601	0	2	1	0	1	0	0	0	0
602	2	2	0	0	0	1	1	0	0
603	2	2	1	0	1	0	0	0	0
604	0	2	0	0	0	0	0	0	0
605	0	2	0	0	0	1	1	0	0
606	2	2	0	1	1	0	0	0	0
607	0	2	0	0	0	1	1	0	0
608	1	2	0	0	0	1	1	0	0
609	2	2	0	0	0	0	0	1	1
610	2	2	1	0	1	0	0	0	0
611	1	1	0	0	0	0	0	0	0
612	0	0	1	0	1	0	0	0	0
613	2	3	0	0	0	0	0	0	0
614	0	2	0	0	0	1	1	0	0
615	0	2	1	0	1	0	0	0	0
616	2	2	0	0	0	0	0	1	1
617	0	2	0	0	0	0	0	0	0
618	0	2	0	0	0	1	1	0	0
619	0	2	1	0	1	0	0	0	0
620	0	2	1	0	1	0	0	0	0
621	2	2	0	1	1	0	0	0	0
622	0	2	0	0	0	1	1	0	0
623	1	0	0	0	0	0	0	1	1
624	0	2	1	0	1	0	0	0	0
625	0	2	0	0	0	1	1	0	0
626	1	0	0	0	0	0	0	1	1
627	0	0	0	0	0	1	1	0	0
628	0	1	1	0	1	0	0	0	0
629	0	2	1	0	1	0	0	0	0
630	1	0	0	0	0	1	1	0	0
631	0	2	0	0	1	0	0	0	0
632	1	0	0	0	0	1	1	0	0
633	0	2	0	0	1	0	0	0	0
634	0	2	1	0	1	0	0	0	0
635	0	2	0	0	0	1	1	0	0
636	0	1	1	0	1	0	0	0	0
637	0	2	1	0	1	0	0	0	0
638	0	2	1	0	1	0	0	0	0
639	1	0	1	0	1	0	0	0	0
640	0	2	1	0	1	0	0	0	0
641	0	0	0	0	0	1	1	0	0
642	2	2	0	0	0	1	1	0	0
643	2	2	0	1	1	0	0	0	0
644	1	0	1	0	1	0	0	0	0
645	2	2	1	0	1	0	0	0	0
646	0	2	0	0	0	1	1	0	0
647	0	2	0	0	1	0	0	0	0
648	0	2	0	0	0	1	1	0	0
649	1	0	1	0	1	0	0	0	0
650	2	2	1	0	1	0	0	0	0
651	0	2	1	0	1	0	0	0	0
652	0	2	0	0	0	1	1	0	0
653	0	2	1	0	1	0	0	0	0
654	1	0	0	0	0	1	1	0	0
655	0	0	0	0	0	1	1	0	0
656	1	2	0	0	1	0	0	0	0
657	0	2	0	0	0	1	1	0	0
658	0	2	0	0	0	1	1	0	0
659	0	2	1	0	1	0	0	0	0
660	0	2	0	0	0	1	1	0	0
661	1	0	0	1	1	0	0	0	0
662	0	2	0	0	0	1	1	0	0
663	0	2	1	0	1	0	0	0	0
664	0	2	0	0	0	1	1	0	0
665	0	2	0	0	1	0	0	0	0
666	0	2	0	0	0	1	1	0	0
667	0	0	0	0	0	1	1	0	0
668	0	2	0	0	0	1	1	0	0
669	0	2	1	0	1	0	0	0	0
670	0	2	0	0	0	1	1	0	0
671	0	2	0	0	0	1	1	0	0
672	0	2	1	0	1	0	0	0	0
673	2	2	0	0	0	1	1	0	0
674	0	2	0	0	0	1	1	0	0
675	0	2	1	0	1	0	0	0	0
676	0	2	0	0	0	1	1	0	0
677	0	2	0	0	0	1	1	0	0
678	0	2	0	0	0	1	1	0	0
679	0	2	0	0	0	1	1	0	0
680	0	2	0	0	0	1	1	0	0
681	0	0	1	0	1	0	0	0	0
682	0	2	0	0	1	0	0	0	0
683	0	2	0	0	0	1	1	0	0
684	0	2	1	0	1	0	0	0	0
685	1	0	0	0	1	0	0	0	0
686	0	0	0	0	1	0	0	0	0
687	0	2	1	0	1	0	0	0	0
688	0	2	1	0	1	0	0	0	0
689	0	2	0	0	0	0	0	0	0
690	2	2	0	1	1	0	0	0	0
691	0	2	1	0	1	0	0	0	0
692	0	2	0	0	0	1	1	0	0
693	0	2	1	0	1	0	0	0	0
694	1	2	1	0	1	0	0	0	0
695	0	0	0	0	0	1	1	0	0
696	0	2	0	0	0	0	0	0	0
697	0	2	0	0	1	0	0	0	0
698	0	2	0	0	0	1	1	0	0
699	0	2	0	0	1	0	0	0	0
700	2	2	0	1	1	0	0	0	0
701	0	2	0	0	0	1	1	0	0
702	0	2	0	0	0	1	1	0	0
703	0	0	1	0	1	0	0	0	0
704	0	2	1	0	1	0	0	0	0
705	0	2	0	0	0	1	1	0	0
706	0	2	0	0	0	0	0	0	0
707	0	0	1	0	1	0	0	0	0
708	0	0	1	0	1	0	0	0	0
709	0	2	1	0	1	0	0	0	0
710	1	0	0	0	0	1	1	0	0
711	0	2	0	0	0	1	1	0	0
712	0	2	1	0	1	0	0	0	0
713	0	2	0	0	0	1	1	0	0
714	0	0	0	0	0	0	0	0	0
715	0	2	1	0	1	0	0	0	0
716	0	2	0	0	0	1	1	0	0
717	0	2	1	0	1	0	0	0	0
718	1	0	0	1	0	0	0	0	1
719	0	2	0	0	0	1	1	0	0
720	0	2	0	0	0	1	1	0	0
721	0	2	0	0	0	1	1	0	0
722	0	2	1	0	1	0	0	0	0
723	0	2	0	0	1	0	0	0	0
724	1	1	0	0	0	0	0	0	0
725	1	0	1	0	1	0	0	0	0
726	0	2	0	0	0	1	1	0	0
727	1	0	0	0	0	0	0	1	1
728	0	2	0	0	0	1	1	0	0
729	0	0	1	0	1	0	0	0	0
730	0	2	0	0	0	1	1	0	0
731	0	1	1	0	1	0	0	0	0
732	0	2	0	0	0	1	1	0	0
733	1	0	0	0	0	0	0	1	1
734	0	2	1	0	1	0	0	0	0
735	0	0	0	0	0	1	1	0	0
736	0	2	0	0	0	1	1	0	0
737	0	2	1	0	1	0	0	0	0
738	2	2	0	1	1	0	0	0	0
739	0	2	0	0	0	1	1	0	0
740	0	2	1	0	1	0	0	0	0
741	0	2	1	0	1	0	0	0	0
742	0	2	0	0	0	1	1	0	0
743	1	0	0	0	0	1	1	0	0
744	0	2	0	0	1	0	0	0	0
745	0	2	0	0	0	1	1	0	0
746	0	0	1	0	1	0	0	0	0
747	0	2	0	0	0	1	1	0	0
748	1	0	0	0	1	0	0	0	0
749	0	2	1	0	1	0	0	0	0
750	2	1	0	0	0	0	0	1	1
751	1	2	1	0	1	0	0	0	0
752	2	2	0	0	0	1	1	0	0
753	0	2	1	0	1	0	0	0	0
754	2	2	0	0	0	1	1	0	0
755	0	2	1	0	0	0	1	0	0
756	2	2	1	0	1	0	0	0	0
757	0	2	0	0	0	1	1	0	0
758	1	0	0	0	0	1	1	0	0
759	0	2	1	0	1	0	0	0	0
760	0	2	1	0	1	0	0	0	0
761	0	2	0	0	1	0	0	0	0
762	0	2	0	0	0	1	1	0	0
763	0	2	1	0	1	0	0	0	0
764	0	2	0	0	0	1	1	0	0
765	0	2	0	0	0	0	1	0	0
766	0	1	0	0	0	1	0	0	0
767	0	2	0	0	0	0	0	0	0
768	1	2	0	0	0	1	1	0	0
769	0	2	0	0	0	1	1	0	0
770	0	2	0	0	0	1	1	0	0
771	0	1	1	0	1	0	0	0	0
772	0	2	0	0	0	1	1	0	0
773	2	2	0	0	0	1	1	0	0
774	0	2	1	0	1	0	0	0	0
775	0	1	0	0	0	1	1	0	0
776	0	2	0	0	0	0	0	0	0
777	0	2	0	0	0	1	1	0	0
778	2	2	1	0	1	0	0	0	0
779	2	2	0	0	0	1	1	0	0
780	1	0	0	0	1	0	0	0	0
781	0	2	1	0	1	0	0	0	0
782	0	2	0	0	0	1	1	0	0
783	0	1	1	0	1	0	0	0	0
784	0	2	1	0	1	0	0	0	0
785	1	0	0	0	1	0	0	0	0
786	2	2	0	0	0	1	1	0	0
787	0	2	1	0	1	0	0	0	0
788	0	1	0	0	0	1	1	0	0
789	0	1	1	0	1	0	0	0	0
790	1	2	0	0	1	0	0	0	0
791	0	0	0	0	0	1	1	0	0
792	0	0	1	0	1	0	0	0	0
793	0	2	0	0	0	1	1	0	0
794	0	0	0	0	0	1	1	0	0
795	0	2	0	0	0	1	1	0	0
796	0	2	0	0	1	0	0	0	0
797	0	2	0	0	0	1	1	0	0
798	0	2	0	0	0	0	0	0	0
799	0	2	0	0	0	1	1	0	0
800	0	2	1	0	1	0	0	0	0
801	0	2	1	0	1	0	0	0	0
802	0	2	1	0	1	0	0	0	0
803	0	0	0	0	0	0	0	0	0
804	0	2	0	0	0	1	1	0	0
805	0	2	1	0	1	0	0	0	0
806	0	2	0	0	0	1	1	0	0
807	0	2	0	0	0	1	1	0	0
808	0	2	0	0	0	1	1	0	0
809	1	0	0	1	1	0	0	0	0
810	1	0	0	1	1	0	0	0	0
811	1	2	0	0	0	1	1	0	0
812	0	2	1	0	1	0	0	0	0
813	0	2	1	0	1	0	0	0	0
814	0	1	0	0	0	1	1	0	0
815	2	2	1	0	1	0	0	0	0
816	0	2	0	0	0	1	1	0	0
817	0	2	0	0	0	1	1	0	0
818	0	2	1	0	1	0	0	0	0
819	2	2	0	0	0	0	0	1	1
820	0	2	0	0	0	1	1	0	0
821	0	2	0	0	0	1	1	0	0
822	0	2	0	0	0	1	1	0	0
823	2	2	0	1	1	0	0	0	0
824	0	2	0	0	0	1	1	0	0
825	0	2	0	0	0	1	1	0	0
826	0	2	1	0	1	0	0	0	0
827	0	2	0	0	0	1	1	0	0
828	1	0	0	0	0	1	1	0	0
829	0	2	0	0	0	1	1	0	0
830	1	0	0	0	0	0	0	1	1
831	0	2	1	0	1	0	0	0	0
832	2	2	1	0	1	0	0	0	0
833	0	2	0	0	0	0	0	0	0
834	2	2	0	0	0	0	0	1	0
835	1	0	0	0	1	0	0	0	0
836	1	0	0	1	0	0	1	0	0
837	1	0	0	0	1	0	0	0	0
838	2	2	1	0	1	0	0	0	0
839	0	2	0	0	0	1	1	0	0
840	0	2	0	0	1	0	0	0	0
841	0	2	0	0	0	1	1	0	0
842	0	0	0	0	0	1	1	0	0
843	0	2	0	0	0	1	1	0	0
844	2	2	0	0	0	0	0	1	1
845	0	2	0	0	0	1	1	0	0
846	2	2	0	0	0	1	1	0	0
847	0	2	0	0	0	1	1	0	0
848	1	0	1	0	1	0	0	0	0
849	0	2	0	0	1	0	0	0	0
850	0	2	0	0	1	0	0	0	0
851	0	2	1	0	1	0	0	0	0
852	0	2	1	0	1	0	0	0	0
853	1	2	0	0	1	0	0	0	0
854	0	2	1	0	1	0	0	0	0
855	1	0	1	0	1	0	0	0	0
856	0	2	1	0	1	0	0	0	0
857	1	0	0	0	0	1	1	0	0
858	0	0	1	0	1	0	0	0	0
859	0	2	1	0	1	0	0	0	0
860	0	2	0	0	0	1	1	0	0
861	1	0	1	0	1	0	0	0	0
862	1	2	0	0	0	1	1	0	0
863	0	0	1	0	1	0	0	0	0
864	0	2	1	0	1	0	0	0	0
865	0	2	1	0	1	0	0	0	0
866	0	0	0	0	0	1	1	0	0
867	0	2	0	0	1	0	0	0	0
868	2	2	0	0	0	1	1	0	0
869	2	2	0	0	1	0	0	0	0
870	0	2	0	0	0	1	1	0	0
871	0	2	1	0	1	0	0	0	0
872	0	2	1	0	1	0	0	0	0
873	0	2	1	0	1	0	0	0	0
874	0	2	1	0	1	0	0	0	0
875	1	2	0	1	1	0	0	0	0
876	0	2	0	0	0	1	1	0	0
877	0	0	0	0	0	1	1	0	0
878	0	2	1	0	1	0	0	0	0
879	0	2	0	0	0	0	0	0	0
880	0	2	1	0	1	0	0	0	0
881	2	2	0	0	0	1	1	0	0
882	0	2	0	0	1	0	0	0	0
883	0	2	1	0	1	0	0	0	0
884	0	2	0	0	0	1	1	0	0
885	0	0	0	0	0	1	1	0	0
886	0	2	0	0	1	0	0	0	0
887	1	0	0	0	1	0	0	0	0
888	0	2	1	0	1	0	0	0	0
889	0	0	1	0	1	0	0	0	0
890	2	2	0	0	0	0	0	0	0
891	1	0	0	0	0	1	1	0	0
892	1	2	0	0	0	1	1	0	0
893	0	2	1	0	1	0	0	0	0
894	2	2	0	0	0	1	1	0	0
895	0	2	1	0	1	0	0	0	0
896	0	2	0	0	0	1	1	0	0
897	1	0	0	1	1	0	0	0	0
898	1	0	0	0	0	0	0	1	1
899	0	2	0	0	0	1	1	0	0
900	0	2	1	0	1	0	0	0	0
901	0	2	0	0	0	0	0	0	0
902	0	2	0	0	0	1	1	0	0
903	2	2	0	0	1	0	0	0	0
904	2	2	1	0	1	0	0	0	0
905	1	0	0	0	0	0	0	1	1
906	0	2	0	0	0	1	1	0	0
907	0	2	1	0	1	0	0	0	0
908	1	0	1	0	1	0	0	0	0
909	0	2	0	0	0	1	1	0	0
910	2	2	0	0	0	0	0	1	1
911	2	2	0	0	0	1	1	0	0
912	0	2	0	0	0	1	1	0	0
913	0	2	1	0	1	0	0	0	0
914	2	2	0	0	0	0	0	1	1
915	0	2	0	0	0	1	1	0	0
916	0	2	0	0	1	0	0	0	0
917	0	2	0	0	1	0	0	0	0
918	0	0	0	0	0	1	1	0	0
919	0	2	0	0	1	0	0	0	0
920	1	0	1	0	0	0	0	0	1
921	2	2	0	1	1	0	0	0	0
922	0	2	0	0	0	1	1	0	0
923	0	2	0	0	1	0	0	0	0
924	0	2	0	0	0	1	1	0	0
925	2	2	0	0	1	0	0	0	0
926	1	2	0	0	0	0	0	0	0
927	1	2	1	0	1	0	0	0	0
928	0	2	0	0	0	1	1	0	0
929	0	0	1	0	1	0	0	0	0
930	0	2	0	0	1	0	0	0	0
931	0	2	0	0	0	1	1	0	0
932	0	2	0	0	0	1	1	0	0
933	1	0	0	1	1	0	0	0	0
934	0	2	0	0	0	1	1	0	0
935	1	0	0	0	0	0	0	1	1
936	0	2	1	0	1	0	0	0	0
937	0	2	0	0	0	1	1	0	0
938	1	2	0	0	0	1	1	0	0
939	0	2	0	0	0	1	1	0	0
940	0	2	0	0	0	1	1	0	0
941	0	2	1	0	1	0	0	0	0
942	0	2	1	0	1	0	0	0	0
943	0	2	1	0	1	0	0	0	0
944	0	0	0	0	1	0	0	0	0
945	0	2	1	0	1	0	0	0	0
946	1	2	0	0	1	0	0	0	0
947	0	2	0	0	0	1	1	0	0
948	0	2	1	0	1	0	0	0	0
949	0	0	1	0	1	0	0	0	0
950	0	2	0	0	0	1	1	0	0
951	0	2	1	0	1	0	0	0	0
952	0	2	0	0	0	1	1	0	0
953	1	2	0	0	0	1	0	0	0
954	1	2	0	0	0	0	0	0	0
955	0	2	1	0	1	0	0	0	0
956	1	0	0	0	0	1	1	0	0
957	0	2	0	0	0	1	1	0	0
958	0	2	1	0	1	0	0	0	0
959	0	2	0	0	0	1	1	0	0
960	0	2	1	0	1	0	0	0	0
961	0	2	1	0	1	0	0	0	0
962	1	0	1	0	1	0	0	0	0
963	0	0	1	0	1	0	0	0	0
964	0	2	1	0	1	0	0	0	0
965	0	2	0	0	0	1	1	0	0
966	2	2	0	0	1	0	0	0	0
967	0	2	1	0	1	0	0	0	0
968	0	2	1	0	1	0	0	0	0
969	1	0	0	0	0	0	0	1	1
970	2	2	0	1	1	0	0	0	0
971	0	2	0	0	0	1	1	0	0
972	0	2	1	0	1	0	0	0	0
973	0	2	1	0	1	0	0	0	0
974	0	2	0	0	0	1	1	0	0
975	0	0	1	0	1	0	0	0	0
976	0	2	1	0	1	0	0	0	0
977	0	2	0	0	0	1	1	0	0
978	0	2	0	0	0	1	1	0	0
979	0	2	1	0	1	0	0	0	0
980	2	2	1	0	1	0	0	0	0
981	1	0	0	0	0	0	0	1	1
982	0	2	0	0	0	1	1	0	0
983	1	0	0	0	0	0	0	0	0
984	0	1	1	0	1	0	0	0	0
985	0	2	1	0	1	0	0	0	0
986	0	2	0	0	0	0	0	0	0
987	0	2	0	0	0	1	1	0	0
988	0	2	1	0	1	0	0	0	0
989	0	2	0	0	0	1	1	0	0
990	0	2	0	0	0	1	1	0	0
991	0	2	1	0	1	0	0	0	0
992	0	2	1	0	1	0	0	0	0
993	0	2	0	0	0	1	1	0	0
994	1	0	0	0	1	0	0	0	0
995	0	2	0	0	1	0	0	0	0
996	0	2	1	0	1	0	0	0	0
997	0	0	0	0	1	0	0	0	0
998	0	2	0	0	0	1	1	0	0
999	1	2	1	0	1	0	0	0	0
1000	0	2	1	0	1	0	0	0	0
