A->A,A	B->B,B	C->C,C
1	1	0	5
2	2	0	5
3	2	0	5
4	0	2	5
5	2	0	5
6	2	0	5
7	0	2	5
8	0	2	5
9	1	2	5
10	2	0	5
11	2	0	5
12	2	0	5
13	0	2	5
14	2	0	5
15	2	0	5
16	0	0	5
17	2	0	5
18	2	0	5
19	1	2	5
20	2	0	5
21	2	0	5
22	0	2	5
23	1	0	5
24	2	0	5
25	2	0	5
26	2	0	5
27	2	0	5
28	2	0	5
29	2	0	5
30	2	0	5
31	2	0	5
32	1	0	5
33	2	0	5
34	0	0	5
35	2	0	5
36	0	2	5
37	1	0	5
38	1	0	5
39	2	0	5
40	2	0	5
41	2	0	5
42	2	0	5
43	0	0	5
44	2	0	5
45	2	0	5
46	2	0	5
47	2	0	5
48	2	0	5
49	2	0	5
50	2	0	5
51	2	0	5
52	2	0	5
53	2	0	5
54	0	2	5
55	2	0	5
56	1	2	5
57	0	2	5
58	0	0	5
59	2	0	5
60	2	0	5
61	0	2	5
62	2	0	5
63	2	0	5
64	2	0	5
65	0	2	5
66	2	0	5
67	0	2	5
68	1	0	5
69	2	0	5
70	2	0	5
71	0	0	5
72	0	0	5
73	2	0	5
74	2	0	5
75	2	0	5
76	2	0	5
77	2	0	5
78	2	0	5
79	2	0	5
80	2	0	5
81	0	0	5
82	2	0	5
83	0	2	5
84	2	0	5
85	0	2	5
86	2	0	5
87	2	0	5
88	0	2	5
89	0	2	5
90	2	0	5
91	1	0	5
92	1	2	5
93	2	0	5
94	2	0	5
95	3	0	5
96	2	0	5
97	2	0	5
98	2	0	5
99	2	0	5
100	0	2	5
101	2	0	5
102	2	0	5
103	0	0	5
104	2	0	5
105	2	0	5
106	1	0	5
107	1	0	5
108	2	0	5
109	3	0	5
110	0	0	5
111	2	0	5
112	2	0	5
113	0	2	5
114	2	0	5
115	0	2	5
116	1	0	5
117	1	0	5
118	1	2	5
119	2	0	5
120	0	2	5
121	1	2	5
122	0	0	5
123	2	0	5
124	2	0	5
125	2	0	5
126	2	0	5
127	2	0	5
128	1	2	5
129	1	2	5
130	0	0	5
131	2	0	5
132	2	0	5
133	2	0	5
134	0	2	5
135	2	0	5
136	1	0	5
137	0	2	5
138	2	0	5
139	2	0	5
140	0	0	5
141	2	0	5
142	2	0	5
143	2	0	6
144	2	0	5
145	1	0	5
146	0	2	5
147	2	0	5
148	2	0	5
149	0	0	5
150	2	0	5
151	0	0	5
152	2	0	5
153	0	0	5
154	0	0	5
155	2	0	5
156	2	0	5
157	2	0	5
158	2	0	5
159	0	2	5
160	2	0	5
161	0	2	5
162	2	0	5
163	2	0	5
164	2	0	5
165	2	0	5
166	0	0	5
167	2	0	5
168	2	0	5
169	0	0	5
170	1	0	5
171	2	0	5
172	2	0	5
173	0	0	5
174	2	0	5
175	0	0	5
176	2	0	5
177	2	0	5
178	0	0	5
179	1	1	5
180	2	0	5
181	0	2	5
182	2	0	5
183	2	0	5
184	0	0	5
185	2	0	5
186	2	0	5
187	2	0	5
188	3	0	5
189	0	2	5
190	2	0	5
191	2	0	5
192	2	0	5
193	2	0	5
194	2	0	5
195	0	2	5
196	2	0	5
197	2	0	5
198	1	2	5
199	2	0	5
200	2	0	5
201	1	0	5
202	2	0	5
203	2	0	5
204	1	2	5
205	2	0	5
206	0	2	5
207	2	0	5
208	2	0	5
209	0	2	5
210	2	0	5
211	0	2	6
212	2	0	5
213	2	0	5
214	1	0	5
215	0	0	5
216	2	0	5
217	2	0	5
218	0	2	5
219	2	0	5
220	2	0	5
221	2	0	5
222	2	0	5
223	0	0	5
224	2	0	5
225	2	0	5
226	3	0	5
227	2	0	5
228	1	0	5
229	2	0	5
230	2	0	5
231	1	2	5
232	2	0	5
233	2	0	5
234	2	0	5
235	2	0	5
236	0	2	5
237	2	0	5
238	0	0	5
239	2	0	5
240	2	0	5
241	2	0	5
242	2	0	5
243	2	0	5
244	2	0	5
245	1	1	5
246	2	0	5
247	2	0	5
248	2	0	5
249	2	0	5
250	2	0	5
251	1	0	5
252	2	0	5
253	2	0	5
254	2	0	5
255	0	2	5
256	2	0	5
257	0	2	5
258	2	0	5
259	2	0	5
260	2	0	5
261	2	0	5
262	0	2	5
263	2	0	5
264	2	0	5
265	2	0	5
266	2	0	5
267	2	0	5
268	1	2	5
269	2	0	5
270	0	2	5
271	2	0	5
272	2	0	5
273	0	2	5
274	2	0	5
275	0	2	5
276	2	0	5
277	2	0	5
278	2	0	5
279	0	1	5
280	2	0	5
281	0	0	5
282	2	0	5
283	2	0	5
284	2	0	5
285	2	0	5
286	1	0	5
287	2	0	5
288	2	0	5
289	2	0	5
290	0	2	5
291	2	0	6
292	2	0	5
293	0	2	5
294	2	0	5
295	2	0	5
296	2	0	5
297	2	0	5
298	2	0	5
299	2	0	5
300	2	0	5
301	2	0	5
302	2	0	5
303	2	0	5
304	2	0	5
305	2	0	5
306	2	0	5
307	2	0	5
308	2	0	5
309	1	0	5
310	0	2	5
311	0	0	5
312	1	2	5
313	2	0	5
314	2	0	5
315	1	0	5
316	2	0	5
317	1	0	5
318	2	0	5
319	2	0	5
320	3	0	5
321	2	0	5
322	0	2	5
323	0	2	5
324	2	0	5
325	2	0	5
326	2	0	5
327	2	0	5
328	2	0	5
329	0	0	5
330	2	0	5
331	0	0	5
332	2	0	5
333	0	2	5
334	0	2	5
335	2	0	5
336	2	0	5
337	2	0	5
338	3	0	5
339	0	0	5
340	0	0	5
341	2	0	5
342	2	0	5
343	2	0	5
344	2	0	5
345	0	0	5
346	2	0	5
347	2	0	5
348	0	2	5
349	2	0	5
350	2	0	5
351	2	0	5
352	0	0	5
353	2	0	5
354	2	0	5
355	2	0	5
356	2	0	5
357	1	0	5
358	2	0	5
359	1	2	5
360	2	0	5
361	2	0	5
362	2	0	5
363	2	0	5
364	2	0	5
365	2	0	5
366	2	0	5
367	2	0	5
368	0	2	5
369	2	0	5
370	3	0	5
371	0	0	5
372	2	0	5
373	2	0	5
374	2	0	5
375	2	0	5
376	0	2	5
377	2	0	5
378	2	0	5
379	2	0	5
380	2	0	5
381	0	3	5
382	0	0	5
383	0	2	5
384	2	0	5
385	2	0	5
386	0	2	5
387	2	0	5
388	0	2	5
389	2	0	5
390	2	0	5
391	2	0	5
392	0	0	5
393	2	0	5
394	2	0	5
395	2	0	5
396	2	0	5
397	2	0	5
398	0	2	5
399	0	0	5
400	1	0	5
401	2	0	5
402	2	0	5
403	2	0	5
404	2	0	5
405	2	0	5
406	1	0	5
407	1	0	5
408	1	0	5
409	2	0	5
410	2	0	5
411	1	0	5
412	2	0	5
413	2	0	5
414	2	0	5
415	2	0	5
416	2	0	5
417	2	0	5
418	0	0	5
419	2	0	5
420	2	0	5
421	2	0	5
422	2	0	5
423	2	0	5
424	2	0	5
425	2	0	5
426	2	0	5
427	2	0	5
428	2	0	5
429	1	2	5
430	2	0	5
431	2	0	5
432	2	0	5
433	1	2	5
434	2	0	5
435	0	2	5
436	2	0	5
437	2	0	5
438	2	0	5
439	2	0	5
440	2	0	5
441	2	0	5
442	2	0	5
443	2	0	5
444	2	0	5
445	2	0	5
446	0	2	5
447	2	0	5
448	2	0	5
449	2	0	5
450	1	2	5
451	2	0	5
452	2	0	5
453	2	0	5
454	1	2	5
455	0	2	5
456	2	0	6
457	2	0	5
458	2	0	5
459	1	2	5
460	1	0	5
461	0	2	5
462	2	0	5
463	2	0	5
464	0	2	6
465	2	0	5
466	3	0	5
467	2	0	5
468	2	0	5
469	2	0	5
470	2	0	5
471	2	0	5
472	2	0	5
473	2	0	5
474	2	0	5
475	1	0	5
476	2	0	5
477	0	0	5
478	2	0	5
479	1	2	5
480	0	0	5
481	2	0	5
482	2	0	5
483	2	0	5
484	2	0	5
485	3	0	5
486	2	0	5
487	0	0	5
488	2	0	5
489	1	0	5
490	2	0	5
491	1	2	5
492	2	0	5
493	2	0	5
494	0	0	5
495	2	0	5
496	2	0	5
497	2	0	5
498	2	0	5
499	2	0	5
500	0	0	5
501	3	0	5
502	2	0	5
503	0	0	5
504	0	0	5
505	0	0	6
506	2	0	5
507	1	2	5
508	2	0	5
509	2	0	5
510	1	2	5
511	2	0	5
512	2	0	5
513	2	0	5
514	2	0	5
515	2	0	5
516	0	2	5
517	2	0	5
518	1	0	5
519	0	0	5
520	2	0	5
521	1	2	5
522	1	0	5
523	1	2	5
524	1	0	5
525	1	0	5
526	0	2	5
527	1	2	5
528	2	0	5
529	0	2	5
530	2	0	5
531	2	0	5
532	1	2	5
533	2	0	5
534	2	0	5
535	2	0	5
536	2	0	5
537	2	0	5
538	2	0	5
539	1	2	5
540	2	0	5
541	0	2	5
542	0	0	5
543	2	0	5
544	2	0	5
545	3	0	5
546	2	0	5
547	2	0	5
548	2	0	5
549	2	0	5
550	2	0	5
551	2	0	5
552	2	0	5
553	0	2	5
554	2	0	5
555	2	0	5
556	2	0	5
557	1	2	5
558	2	0	5
559	2	0	5
560	1	0	5
561	2	0	5
562	2	0	5
563	2	0	5
564	2	0	5
565	0	0	5
566	2	0	5
567	2	0	5
568	2	0	5
569	2	0	5
570	2	0	5
571	2	0	5
572	2	0	5
573	2	0	5
574	2	0	5
575	2	0	5
576	2	0	5
577	0	0	5
578	0	2	5
579	1	2	5
580	2	0	5
581	1	0	5
582	2	0	5
583	2	0	5
584	1	2	5
585	2	0	5
586	1	2	5
587	2	0	5
588	2	0	5
589	1	2	5
590	2	0	5
591	2	0	5
592	2	0	5
593	2	0	5
594	2	0	5
595	2	0	5
596	2	0	5
597	2	0	5
598	0	0	5
599	0	2	5
600	1	2	5
601	2	0	5
602	0	0	5
603	0	0	5
604	3	0	5
605	2	0	5
606	0	0	5
607	2	0	5
608	1	0	5
609	0	0	5
610	0	0	5
611	0	2	5
612	1	2	5
613	0	0	5
614	2	0	5
615	2	0	5
616	0	0	5
617	3	0	5
618	2	0	5
619	2	0	5
620	2	0	5
621	0	0	5
622	2	0	5
623	0	2	5
624	1	0	5
625	2	0	5
626	0	2	5
627	1	2	5
628	2	0	5
629	2	0	5
630	0	2	5
631	2	0	5
632	0	2	5
633	2	0	5
634	2	0	5
635	2	0	5
636	2	0	5
637	2	0	5
638	2	0	5
639	0	2	5
640	2	0	5
641	1	2	5
642	0	0	5
643	0	0	5
644	0	2	5
645	0	0	5
646	2	0	5
647	2	0	5
648	2	0	5
649	0	2	5
650	0	0	5
651	2	0	5
652	2	0	5
653	2	0	5
654	0	2	5
655	1	2	5
656	1	0	5
657	2	0	5
658	2	0	5
659	2	0	5
660	2	0	5
661	0	2	5
662	2	0	5
663	2	0	5
664	2	0	5
665	2	0	5
666	2	0	5
667	1	2	5
668	2	0	5
669	2	0	5
670	2	0	5
671	2	0	5
672	2	0	5
673	0	0	5
674	2	0	5
675	2	0	5
676	2	0	5
677	2	0	5
678	2	0	5
679	2	0	5
680	2	0	5
681	1	2	5
682	2	0	5
683	2	0	5
684	2	0	5
685	0	2	5
686	1	2	5
687	2	0	5
688	2	0	5
689	3	0	5
690	0	0	5
691	2	0	5
692	2	0	5
693	2	0	5
694	1	0	5
695	1	2	5
696	3	0	5
697	2	0	5
698	2	0	5
699	2	0	5
700	0	0	5
701	2	0	5
702	2	0	5
703	1	2	5
704	2	0	5
705	2	0	5
706	3	0	5
707	1	2	5
708	1	2	5
709	2	0	5
710	0	2	5
711	2	0	5
712	2	0	5
713	2	0	5
714	1	2	5
715	2	0	5
716	2	0	5
717	2	0	5
718	0	2	5
719	2	0	5
720	2	0	5
721	2	0	5
722	2	0	5
723	2	0	5
724	2	0	5
725	0	2	5
726	2	0	5
727	0	2	5
728	2	0	5
729	1	2	5
730	2	0	5
731	2	0	5
732	2	0	5
733	0	2	5
734	2	0	5
735	1	2	5
736	2	0	5
737	2	0	5
738	0	0	5
739	2	0	5
740	2	0	5
741	2	0	5
742	2	0	5
743	0	2	5
744	2	0	5
745	2	0	5
746	1	2	5
747	2	0	5
748	0	2	5
749	2	0	5
750	0	0	5
751	1	0	5
752	0	0	5
753	2	0	5
754	0	0	5
755	2	0	5
756	0	0	5
757	2	0	5
758	0	2	5
759	2	0	5
760	2	0	5
761	2	0	5
762	2	0	5
763	2	0	5
764	2	0	5
765	2	0	5
766	2	0	6
767	3	0	5
768	1	0	5
769	2	0	5
770	2	0	5
771	2	0	5
772	2	0	5
773	0	0	5
774	2	0	5
775	2	0	5
776	3	0	5
777	2	0	5
778	0	0	5
779	0	0	5
780	0	2	5
781	2	0	5
782	2	0	5
783	2	0	5
784	2	0	5
785	0	2	5
786	0	0	5
787	2	0	5
788	2	0	5
789	2	0	5
790	1	0	5
791	1	2	5
792	1	2	5
793	2	0	5
794	1	2	5
795	2	0	5
796	2	0	5
797	2	0	5
798	3	0	5
799	2	0	5
800	2	0	5
801	2	0	5
802	2	0	5
803	1	2	5
804	2	0	5
805	2	0	5
806	2	0	5
807	2	0	5
808	2	0	5
809	0	2	5
810	0	2	5
811	1	0	5
812	2	0	5
813	2	0	5
814	2	0	5
815	0	0	5
816	2	0	5
817	2	0	5
818	2	0	5
819	0	0	5
820	2	0	5
821	2	0	5
822	2	0	5
823	0	0	5
824	2	0	5
825	2	0	5
826	2	0	5
827	2	0	5
828	0	2	5
829	2	0	5
830	0	2	5
831	2	0	5
832	0	0	5
833	3	0	5
834	0	0	6
835	0	2	5
836	0	2	5
837	0	2	5
838	0	0	5
839	2	0	5
840	2	0	5
841	2	0	5
842	1	2	5
843	2	0	5
844	0	0	5
845	2	0	5
846	0	0	5
847	2	0	5
848	0	2	5
849	2	0	5
850	2	0	5
851	2	0	5
852	2	0	5
853	1	0	5
854	2	0	5
855	0	2	5
856	2	0	5
857	0	2	5
858	1	2	5
859	2	0	5
860	2	0	5
861	0	2	5
862	1	0	5
863	1	2	5
864	2	0	5
865	2	0	5
866	1	2	5
867	2	0	5
868	0	0	5
869	0	0	5
870	2	0	5
871	2	0	5
872	2	0	5
873	2	0	5
874	2	0	5
875	0	0	5
876	2	0	5
877	1	2	5
878	2	0	5
879	3	0	5
880	2	0	5
881	0	0	5
882	2	0	5
883	2	0	5
884	2	0	5
885	1	2	5
886	2	0	5
887	0	2	5
888	2	0	5
889	1	2	5
890	1	0	5
891	0	2	5
892	1	0	5
893	2	0	5
894	0	0	5
895	2	0	5
896	2	0	5
897	0	2	5
898	0	2	5
899	2	0	5
900	2	0	5
901	3	0	5
902	2	0	5
903	0	0	5
904	0	0	5
905	0	2	5
906	2	0	5
907	2	0	5
908	0	2	5
909	2	0	5
910	0	0	5
911	0	0	5
912	2	0	5
913	2	0	5
914	0	0	5
915	2	0	5
916	2	0	5
917	2	0	5
918	1	2	5
919	2	0	5
920	0	2	5
921	0	0	5
922	2	0	5
923	2	0	5
924	2	0	5
925	0	0	5
926	2	0	5
927	1	0	5
928	2	0	5
929	1	2	5
930	2	0	5
931	2	0	5
932	2	0	5
933	0	2	5
934	2	0	5
935	0	2	5
936	2	0	5
937	2	0	5
938	1	0	5
939	2	0	5
940	2	0	5
941	2	0	5
942	2	0	5
943	2	0	5
944	1	2	5
945	2	0	5
946	1	0	5
947	2	0	5
948	2	0	5
949	1	2	5
950	2	0	5
951	2	0	5
952	2	0	5
953	1	0	6
954	2	0	5
955	2	0	5
956	0	2	5
957	2	0	5
958	2	0	5
959	2	0	5
960	2	0	5
961	2	0	5
962	0	2	5
963	1	2	5
964	2	0	5
965	2	0	5
966	0	0	5
967	2	0	5
968	2	0	5
969	0	2	5
970	0	0	5
971	2	0	5
972	2	0	5
973	2	0	5
974	2	0	5
975	1	2	5
976	2	0	5
977	2	0	5
978	2	0	5
979	2	0	5
980	0	0	5
981	0	2	5
982	2	0	5
983	1	2	5
984	2	0	5
985	2	0	5
986	3	0	5
987	2	0	5
988	2	0	5
989	2	0	5
990	2	0	5
991	2	0	5
992	2	0	5
993	2	0	5
994	0	2	5
995	2	0	5
996	2	0	5
997	1	2	5
998	2	0	5
999	1	0	5
1000	2	0	5
