A->A,A	B->B,B	C->C,C
1	2	7	7
2	4	5	7
3	2	7	7
4	2	7	7
5	4	5	7
6	4	5	7
7	2	5	7
8	3	5	7
9	2	6	7
10	2	5	7
11	2	6	7
12	2	6	7
13	2	7	7
14	2	7	7
15	2	7	7
16	2	6	7
17	2	6	7
18	2	7	7
19	2	7	7
20	2	7	7
21	2	6	7
22	2	7	7
23	2	6	7
24	2	7	7
25	4	5	7
26	2	7	7
27	2	6	7
28	2	7	7
29	2	7	7
30	2	7	7
31	2	7	7
32	4	5	7
33	4	5	7
34	2	6	7
35	2	7	7
36	2	4	7
37	2	7	7
38	4	4	7
39	2	7	7
40	2	7	7
41	2	7	7
42	2	7	7
43	2	5	7
44	2	7	7
45	2	7	7
46	2	7	7
47	2	7	7
48	2	6	7
49	2	6	7
50	2	7	7
51	2	7	7
52	2	7	7
53	2	6	7
54	2	7	7
55	2	7	7
56	2	7	7
57	2	7	7
58	2	7	7
59	2	7	7
60	2	7	7
61	2	7	7
62	2	7	7
63	2	7	7
64	2	7	7
65	2	6	7
66	3	5	7
67	2	4	7
68	4	5	7
69	2	6	7
70	2	7	7
71	3	4	7
72	2	4	7
73	2	7	7
74	2	7	7
75	2	7	7
76	2	7	7
77	4	5	7
78	3	5	7
79	2	6	7
80	2	6	7
81	2	6	7
82	2	7	7
83	2	7	7
84	2	7	7
85	3	5	7
86	2	7	7
87	3	5	7
88	2	7	7
89	2	6	7
90	2	7	7
91	4	5	7
92	3	5	7
93	2	7	7
94	2	7	7
95	2	7	7
96	2	7	7
97	2	7	7
98	2	7	7
99	4	5	7
100	2	7	7
101	4	5	7
102	3	5	7
103	3	5	7
104	2	7	7
105	2	7	7
106	2	7	7
107	3	5	7
108	2	7	7
109	2	7	7
110	2	5	7
111	2	7	7
112	2	7	7
113	2	7	7
114	2	7	7
115	2	7	7
116	2	7	7
117	2	7	7
118	3	5	7
119	2	7	7
120	2	7	7
121	2	7	7
122	3	5	7
123	2	6	7
124	2	7	7
125	2	7	7
126	4	5	7
127	2	7	7
128	2	6	7
129	2	7	7
130	3	4	7
131	2	6	7
132	3	5	7
133	4	5	7
134	2	7	7
135	2	7	7
136	2	7	7
137	2	5	7
138	2	7	7
139	2	7	7
140	2	7	7
141	4	5	7
142	4	5	7
143	3	4	7
144	2	7	7
145	2	7	7
146	4	5	7
147	4	5	7
148	2	7	7
149	3	4	7
150	2	7	7
151	2	7	7
152	4	5	7
153	3	5	7
154	4	5	7
155	2	7	7
156	2	7	7
157	2	6	7
158	2	7	7
159	2	7	7
160	2	7	7
161	2	7	7
162	2	7	7
163	2	7	7
164	2	7	7
165	2	7	7
166	2	5	7
167	2	7	7
168	2	6	7
169	2	6	7
170	2	7	7
171	2	7	7
172	2	7	7
173	2	7	7
174	2	7	7
175	3	5	7
176	2	7	7
177	2	7	7
178	2	4	7
179	2	7	7
180	4	5	7
181	2	7	7
182	2	7	7
183	2	7	7
184	2	5	7
185	2	7	7
186	4	5	7
187	2	7	7
188	2	7	7
189	3	5	7
190	2	7	7
191	2	7	7
192	2	7	7
193	2	7	7
194	2	6	7
195	4	5	7
196	2	7	7
197	2	7	7
198	2	6	7
199	3	5	7
200	2	7	7
201	3	5	7
202	3	5	7
203	2	7	7
204	3	5	7
205	4	5	7
206	4	4	7
207	2	7	7
208	2	7	7
209	3	4	7
210	2	6	7
211	2	5	7
212	2	7	7
213	2	6	7
214	3	5	7
215	2	5	7
216	4	5	7
217	2	6	7
218	2	6	7
219	4	5	7
220	2	7	7
221	4	5	7
222	2	7	7
223	2	7	7
224	2	6	7
225	4	5	7
226	2	7	7
227	2	7	7
228	2	7	7
229	3	4	7
230	2	7	7
231	2	7	7
232	2	7	7
233	4	5	7
234	3	5	7
235	2	7	7
236	2	7	7
237	2	7	7
238	3	5	7
239	2	7	7
240	3	5	7
241	2	6	7
242	2	7	7
243	2	7	7
244	2	7	7
245	2	7	7
246	2	7	7
247	2	7	7
248	2	7	7
249	2	6	7
250	2	4	7
251	2	7	7
252	2	7	7
253	3	5	7
254	3	4	7
255	2	7	7
256	2	7	7
257	2	7	7
258	2	7	7
259	4	4	7
260	2	6	7
261	2	7	7
262	2	3	7
263	2	7	7
264	2	7	7
265	2	7	7
266	2	4	7
267	2	6	7
268	2	5	7
269	3	5	7
270	2	7	7
271	2	7	7
272	2	6	7
273	3	5	7
274	2	7	7
275	2	7	7
276	4	5	7
277	3	4	7
278	2	5	7
279	3	5	7
280	2	7	7
281	2	6	7
282	3	5	7
283	2	7	7
284	2	7	7
285	2	7	7
286	2	7	7
287	2	7	7
288	2	7	7
289	2	7	7
290	2	7	7
291	3	4	7
292	2	6	7
293	4	5	7
294	2	7	7
295	2	7	7
296	2	7	7
297	2	4	7
298	2	7	7
299	2	7	7
300	2	7	7
301	2	7	7
302	2	7	7
303	4	5	7
304	2	7	7
305	2	7	7
306	4	5	7
307	2	7	7
308	3	4	7
309	2	7	7
310	2	6	7
311	2	7	7
312	2	6	7
313	2	6	7
314	2	5	7
315	2	6	7
316	2	7	7
317	2	7	7
318	2	7	7
319	2	7	7
320	2	7	7
321	2	5	7
322	2	6	7
323	2	6	7
324	2	7	7
325	3	5	7
326	2	7	7
327	2	7	7
328	2	7	7
329	2	6	7
330	4	5	7
331	2	5	7
332	4	5	7
333	2	7	7
334	2	7	7
335	4	5	7
336	2	7	7
337	2	7	7
338	2	6	7
339	2	7	7
340	2	7	7
341	2	7	7
342	2	6	7
343	2	7	7
344	2	7	7
345	2	5	7
346	2	6	7
347	2	7	7
348	2	7	7
349	2	7	7
350	2	7	7
351	2	7	7
352	2	6	7
353	2	7	7
354	2	7	7
355	3	5	7
356	2	7	7
357	2	7	7
358	2	6	7
359	4	5	7
360	2	7	7
361	2	6	7
362	3	5	7
363	2	7	7
364	2	7	7
365	2	7	7
366	4	5	7
367	2	7	7
368	2	4	7
369	4	5	7
370	2	7	7
371	3	5	7
372	2	7	7
373	2	7	7
374	2	7	7
375	4	5	7
376	2	7	7
377	2	5	7
378	2	7	7
379	2	7	7
380	4	5	7
381	2	6	7
382	2	7	7
383	2	7	7
384	2	7	7
385	2	7	7
386	2	6	7
387	2	7	7
388	2	7	7
389	2	7	7
390	2	6	7
391	2	7	7
392	2	7	7
393	2	7	7
394	3	4	7
395	2	7	7
396	2	7	7
397	2	7	7
398	2	5	7
399	3	5	7
400	4	4	7
401	2	7	7
402	2	7	7
403	3	4	7
404	2	7	7
405	4	5	7
406	2	7	7
407	4	5	7
408	2	7	7
409	2	6	7
410	2	7	7
411	2	7	7
412	2	7	7
413	2	7	7
414	2	6	7
415	2	7	7
416	2	7	7
417	2	7	7
418	2	5	7
419	4	5	7
420	4	5	7
421	2	5	7
422	3	5	7
423	2	6	7
424	2	7	7
425	2	6	7
426	2	6	7
427	4	5	7
428	2	7	7
429	2	7	7
430	4	5	7
431	4	5	7
432	2	7	7
433	2	7	7
434	3	5	7
435	2	7	7
436	2	7	7
437	2	6	7
438	2	7	7
439	4	5	7
440	2	7	7
441	2	6	7
442	2	7	7
443	2	5	7
444	2	6	7
445	2	7	7
446	2	5	7
447	3	5	7
448	3	5	7
449	2	7	7
450	2	7	7
451	2	7	7
452	2	6	7
453	2	7	7
454	2	7	7
455	2	6	7
456	2	5	7
457	2	7	7
458	2	7	7
459	4	5	7
460	2	7	7
461	2	7	7
462	2	7	7
463	2	7	7
464	3	4	7
465	2	7	7
466	2	6	7
467	2	7	7
468	4	4	7
469	2	6	7
470	4	5	7
471	2	6	7
472	2	7	7
473	2	7	7
474	2	7	7
475	2	7	7
476	2	7	7
477	2	7	7
478	2	7	7
479	2	6	7
480	2	6	7
481	3	5	7
482	2	7	7
483	2	7	7
484	2	4	7
485	2	6	7
486	2	7	7
487	2	7	7
488	2	7	7
489	2	7	7
490	2	7	7
491	2	7	7
492	2	7	7
493	2	7	7
494	2	7	7
495	4	5	7
496	2	7	7
497	2	5	7
498	2	7	7
499	4	5	7
500	2	6	7
501	3	4	7
502	2	7	7
503	2	7	7
504	2	6	7
505	2	6	7
506	2	7	7
507	2	7	7
508	2	7	7
509	2	6	7
510	2	6	7
511	2	7	7
512	2	7	7
513	2	7	7
514	2	7	7
515	2	7	7
516	2	5	7
517	2	6	7
518	2	7	7
519	2	7	7
520	2	7	7
521	2	7	7
522	2	7	7
523	2	7	7
524	4	5	7
525	2	7	7
526	2	7	7
527	2	7	7
528	4	5	7
529	2	7	7
530	4	5	7
531	2	7	7
532	2	5	7
533	2	7	7
534	2	6	7
535	2	7	7
536	2	6	7
537	2	6	7
538	2	6	7
539	2	7	7
540	2	7	7
541	2	7	7
542	2	7	7
543	2	7	7
544	2	6	7
545	3	4	7
546	2	7	7
547	2	6	7
548	3	5	7
549	4	5	7
550	2	7	7
551	2	7	7
552	2	7	7
553	4	5	7
554	2	7	7
555	2	7	7
556	3	5	7
557	2	7	7
558	2	7	7
559	4	5	7
560	2	6	7
561	2	7	7
562	2	7	7
563	3	4	7
564	2	7	7
565	2	5	7
566	2	7	7
567	4	5	7
568	2	7	7
569	2	7	7
570	2	6	7
571	2	6	7
572	2	7	7
573	2	7	7
574	2	7	7
575	2	7	7
576	4	5	7
577	2	4	7
578	2	7	7
579	2	7	7
580	2	7	7
581	2	7	7
582	4	4	7
583	2	6	7
584	2	7	7
585	3	5	7
586	2	7	7
587	2	7	7
588	2	7	7
589	2	7	7
590	2	7	7
591	2	6	7
592	4	5	7
593	2	7	7
594	4	5	7
595	2	6	7
596	2	7	7
597	2	4	7
598	2	7	7
599	3	5	7
600	2	7	7
601	2	7	7
602	3	5	7
603	2	6	7
604	2	7	7
605	2	7	7
606	2	5	7
607	2	7	7
608	2	7	7
609	2	7	7
610	2	6	7
611	3	5	7
612	2	7	7
613	2	7	7
614	2	7	7
615	2	7	7
616	3	4	7
617	2	7	7
618	4	5	7
619	2	6	7
620	2	7	7
621	2	7	7
622	2	5	7
623	3	4	7
624	2	7	7
625	4	5	7
626	2	7	7
627	2	6	7
628	2	7	7
629	2	6	7
630	4	5	7
631	2	7	7
632	2	6	7
633	2	7	7
634	2	7	7
635	3	5	7
636	2	7	7
637	2	7	7
638	2	7	7
639	2	7	7
640	2	7	7
641	2	6	7
642	2	6	7
643	2	6	7
644	2	7	7
645	2	6	7
646	3	5	7
647	2	7	7
648	2	7	7
649	2	6	7
650	3	5	7
651	2	6	7
652	2	7	7
653	2	7	7
654	2	6	7
655	2	7	7
656	2	7	7
657	4	5	7
658	2	7	7
659	2	6	7
660	2	6	7
661	2	7	7
662	2	6	7
663	2	7	7
664	2	7	7
665	2	7	7
666	2	7	7
667	2	7	7
668	4	5	7
669	2	7	7
670	4	5	7
671	4	5	7
672	2	7	7
673	3	5	7
674	2	7	7
675	2	7	7
676	3	5	7
677	2	7	7
678	3	5	7
679	4	4	7
680	2	7	7
681	2	7	7
682	2	7	7
683	2	7	7
684	2	7	7
685	3	5	7
686	2	6	7
687	2	7	7
688	2	6	7
689	2	8	7
690	2	7	7
691	2	7	7
692	4	5	7
693	2	7	7
694	2	6	7
695	4	5	7
696	3	5	7
697	2	7	7
698	2	7	7
699	2	7	7
700	2	6	7
701	2	7	7
702	2	7	7
703	3	5	7
704	2	7	7
705	2	5	7
706	2	4	7
707	3	5	7
708	2	7	7
709	2	7	7
710	4	5	7
711	4	5	7
712	2	7	7
713	2	7	7
714	2	7	7
715	2	6	7
716	2	7	7
717	3	5	7
718	2	7	7
719	4	5	7
720	4	5	7
721	2	7	7
722	2	7	7
723	2	7	7
724	2	7	7
725	2	6	7
726	4	5	7
727	3	4	7
728	2	7	7
729	2	7	7
730	2	7	7
731	3	4	7
732	2	7	7
733	3	2	7
734	2	7	7
735	3	5	7
736	2	7	7
737	2	6	7
738	2	7	7
739	2	7	7
740	2	6	7
741	2	7	7
742	2	7	7
743	4	5	7
744	2	6	7
745	2	7	7
746	2	7	7
747	3	5	7
748	2	7	7
749	2	7	7
750	2	4	7
751	2	7	7
752	3	5	7
753	2	7	7
754	2	6	7
755	4	4	7
756	2	6	7
757	2	7	7
758	4	5	7
759	2	6	7
760	2	7	7
761	2	7	7
762	4	5	7
763	2	7	7
764	4	4	7
765	2	7	7
766	3	4	7
767	2	7	7
768	2	7	7
769	4	5	7
770	2	5	7
771	3	5	7
772	2	7	7
773	2	7	7
774	2	6	7
775	3	5	7
776	2	7	7
777	2	6	7
778	2	6	7
779	3	5	7
780	2	7	7
781	2	7	7
782	2	7	7
783	2	7	7
784	2	7	7
785	3	5	7
786	2	6	7
787	2	6	7
788	3	5	7
789	2	7	7
790	2	7	7
791	2	6	7
792	2	7	7
793	2	7	7
794	2	7	7
795	4	5	7
796	2	5	7
797	4	5	7
798	2	7	7
799	3	5	7
800	2	7	7
801	2	7	7
802	2	7	7
803	2	7	7
804	2	6	7
805	2	7	7
806	2	7	7
807	2	7	7
808	2	7	7
809	2	7	7
810	3	5	7
811	2	7	7
812	2	6	7
813	2	6	7
814	2	6	7
815	2	7	7
816	2	7	7
817	4	5	7
818	2	7	7
819	2	5	7
820	4	5	7
821	2	8	7
822	4	4	7
823	2	6	7
824	2	6	7
825	4	5	7
826	3	4	7
827	4	5	7
828	2	6	7
829	2	7	7
830	2	5	7
831	2	7	7
832	2	6	7
833	2	7	7
834	2	6	7
835	2	6	7
836	3	5	7
837	2	7	7
838	2	6	7
839	4	5	7
840	2	6	7
841	2	7	7
842	2	7	7
843	2	7	7
844	2	7	7
845	4	5	7
846	4	5	7
847	2	6	7
848	2	6	7
849	2	7	7
850	2	7	7
851	2	7	7
852	3	5	7
853	2	7	7
854	2	7	7
855	2	7	7
856	3	5	7
857	4	5	7
858	3	5	7
859	2	7	7
860	4	5	7
861	2	7	7
862	2	7	7
863	2	7	7
864	2	7	7
865	2	6	7
866	2	6	7
867	2	6	7
868	2	6	7
869	2	6	7
870	2	7	7
871	2	7	7
872	2	7	7
873	2	5	7
874	2	7	7
875	2	6	7
876	4	5	7
877	2	7	7
878	2	7	7
879	2	5	7
880	2	7	7
881	4	5	7
882	3	5	7
883	2	7	7
884	2	7	7
885	2	7	7
886	2	7	7
887	2	5	7
888	2	7	7
889	2	7	7
890	2	6	7
891	3	5	7
892	2	7	7
893	2	7	7
894	4	5	7
895	2	7	7
896	4	4	7
897	3	4	7
898	2	5	7
899	4	4	7
900	2	7	7
901	2	7	7
902	2	6	7
903	3	5	7
904	2	6	7
905	3	4	7
906	3	5	7
907	3	5	7
908	2	7	7
909	2	5	7
910	3	4	7
911	2	7	7
912	2	7	7
913	2	7	7
914	2	5	7
915	4	5	7
916	2	6	7
917	2	7	7
918	2	7	7
919	2	7	7
920	2	6	7
921	2	7	7
922	2	6	7
923	2	5	7
924	4	5	7
925	3	5	7
926	2	7	7
927	2	6	7
928	2	6	7
929	2	7	7
930	2	7	7
931	4	5	7
932	2	6	7
933	2	7	7
934	4	5	7
935	3	4	7
936	2	7	7
937	2	7	7
938	2	7	7
939	3	5	7
940	2	7	7
941	2	6	7
942	3	5	7
943	2	7	7
944	2	7	7
945	3	5	7
946	2	5	7
947	2	7	7
948	2	7	7
949	2	7	7
950	3	5	7
951	2	7	7
952	2	7	7
953	2	5	7
954	2	6	7
955	2	7	7
956	4	4	7
957	4	5	7
958	2	7	7
959	2	7	7
960	2	7	7
961	2	5	7
962	2	7	7
963	2	6	7
964	2	7	7
965	4	5	7
966	2	7	7
967	2	7	7
968	2	7	7
969	2	4	7
970	2	6	7
971	4	5	7
972	2	6	7
973	2	7	7
974	2	7	7
975	3	5	7
976	2	7	7
977	2	6	7
978	2	7	7
979	2	6	7
980	2	7	7
981	3	4	7
982	4	5	7
983	2	7	7
984	2	7	7
985	2	7	7
986	2	7	7
987	4	5	7
988	2	6	7
989	2	6	7
990	2	7	7
991	2	6	7
992	2	7	7
993	4	4	7
994	2	6	7
995	2	7	7
996	2	7	7
997	2	6	7
998	2	7	7
999	2	7	7
1000	2	7	7
