A->A,A	B->B,B	C->C,C
1	1	0	12
2	1	0	12
3	1	0	12
4	1	0	12
5	1	0	12
6	1	0	12
7	1	0	12
8	1	0	12
9	1	0	10
10	1	0	12
11	1	0	12
12	1	0	12
13	1	0	12
14	1	0	11
15	1	0	12
16	1	0	11
17	1	0	12
18	1	0	10
19	1	0	11
20	1	0	11
21	1	0	10
22	1	0	12
23	1	0	12
24	1	0	12
25	1	0	12
26	1	0	11
27	1	0	12
28	1	0	12
29	1	0	12
30	1	0	12
31	1	0	12
32	1	0	12
33	1	0	12
34	1	0	12
35	1	0	12
36	1	0	10
37	1	0	12
38	1	0	12
39	1	0	12
40	1	0	12
41	1	0	12
42	1	0	11
43	1	0	11
44	1	0	12
45	1	0	12
46	1	0	12
47	1	0	12
48	1	0	12
49	1	0	11
50	1	0	12
51	1	0	12
52	1	0	12
53	1	0	12
54	1	0	12
55	1	0	12
56	1	0	12
57	1	0	12
58	1	0	12
59	1	0	12
60	1	0	12
61	1	0	12
62	1	0	11
63	1	0	12
64	1	0	10
65	1	0	11
66	1	0	12
67	1	0	12
68	1	0	12
69	1	0	10
70	1	0	12
71	1	0	12
72	1	0	12
73	1	0	12
74	1	0	11
75	1	0	12
76	1	0	12
77	1	0	12
78	1	0	12
79	1	0	12
80	1	0	12
81	1	0	12
82	1	0	12
83	1	0	12
84	1	0	12
85	1	0	12
86	1	0	12
87	1	0	12
88	1	0	12
89	1	0	12
90	1	0	12
91	1	0	12
92	1	0	11
93	1	0	12
94	1	0	12
95	1	0	12
96	1	0	12
97	1	0	12
98	1	0	11
99	1	0	12
100	1	0	12
101	1	0	12
102	1	0	12
103	1	0	12
104	1	0	11
105	1	0	12
106	1	0	12
107	1	0	11
108	1	0	12
109	1	0	12
110	1	0	12
111	1	0	12
112	1	0	12
113	1	0	12
114	1	0	12
115	1	0	12
116	1	0	12
117	1	0	12
118	1	0	12
119	1	0	12
120	1	0	12
121	1	0	12
122	1	0	12
123	1	0	12
124	1	0	12
125	1	0	12
126	1	0	12
127	1	0	12
128	1	0	12
129	1	0	12
130	1	0	12
131	1	0	11
132	1	0	12
133	1	0	12
134	1	0	12
135	1	0	12
136	1	0	12
137	1	0	12
138	1	0	12
139	1	0	12
140	1	0	12
141	1	0	12
142	1	0	12
143	1	2	6
144	1	0	12
145	1	0	12
146	1	0	12
147	1	0	12
148	1	0	12
149	1	0	12
150	1	0	11
151	1	0	12
152	1	0	12
153	1	0	12
154	1	0	11
155	1	0	12
156	1	0	11
157	1	0	12
158	1	0	12
159	1	0	12
160	1	0	11
161	1	0	11
162	1	0	12
163	1	0	12
164	1	0	12
165	1	0	12
166	1	0	11
167	1	0	12
168	1	0	12
169	1	0	12
170	1	0	12
171	1	0	11
172	1	0	12
173	1	0	12
174	1	0	12
175	1	0	11
176	1	0	11
177	1	0	12
178	1	0	12
179	1	0	12
180	1	0	12
181	1	0	12
182	1	0	11
183	1	0	12
184	1	0	11
185	1	0	11
186	1	0	12
187	1	0	12
188	1	0	12
189	1	0	12
190	1	0	12
191	1	0	12
192	1	0	12
193	1	0	12
194	1	0	12
195	1	0	12
196	1	0	12
197	1	0	12
198	1	0	11
199	1	0	12
200	1	0	12
201	1	0	11
202	1	0	12
203	1	0	12
204	1	0	12
205	1	0	11
206	1	0	11
207	1	0	12
208	1	0	12
209	1	0	12
210	1	0	12
211	1	0	9
212	1	0	11
213	1	0	12
214	1	0	12
215	1	0	12
216	1	0	11
217	1	0	11
218	1	0	12
219	1	0	12
220	1	0	12
221	1	0	12
222	1	0	12
223	1	0	12
224	1	0	12
225	1	0	12
226	1	0	12
227	1	0	11
228	1	0	12
229	1	0	12
230	1	0	12
231	1	0	12
232	1	0	12
233	1	0	12
234	1	0	12
235	1	0	12
236	1	0	10
237	1	0	12
238	1	0	12
239	1	0	12
240	1	0	12
241	1	0	11
242	1	0	11
243	1	0	11
244	1	0	11
245	1	0	11
246	1	0	12
247	1	0	12
248	1	0	12
249	1	0	12
250	1	0	12
251	1	0	12
252	1	0	12
253	1	0	12
254	1	0	12
255	1	0	12
256	1	0	12
257	1	0	12
258	1	0	12
259	1	0	12
260	1	0	11
261	1	0	12
262	1	0	12
263	1	0	12
264	1	0	11
265	1	0	12
266	1	0	12
267	1	0	11
268	1	0	12
269	1	0	12
270	1	0	12
271	1	0	12
272	1	0	12
273	1	0	12
274	1	0	12
275	1	0	12
276	1	0	12
277	1	0	12
278	1	0	12
279	1	0	12
280	1	0	12
281	1	0	12
282	1	0	12
283	1	0	12
284	1	0	12
285	1	0	12
286	1	0	12
287	1	0	11
288	1	0	12
289	1	0	12
290	1	0	11
291	1	0	11
292	1	0	12
293	1	0	12
294	1	0	12
295	1	0	12
296	1	0	12
297	1	0	11
298	1	0	12
299	1	0	12
300	1	0	12
301	1	0	12
302	1	0	12
303	1	0	12
304	1	0	10
305	1	0	12
306	1	0	12
307	1	0	12
308	1	0	12
309	1	0	12
310	1	0	12
311	1	0	12
312	1	0	12
313	1	0	12
314	1	0	12
315	1	0	12
316	1	0	12
317	1	0	12
318	1	0	12
319	1	0	12
320	1	0	12
321	1	0	12
322	1	0	12
323	1	0	12
324	1	0	12
325	1	0	12
326	1	0	12
327	1	0	12
328	1	0	12
329	1	0	12
330	1	0	12
331	1	0	11
332	1	0	12
333	1	0	12
334	1	0	12
335	1	0	12
336	1	0	12
337	1	0	12
338	1	0	11
339	1	0	12
340	1	0	12
341	1	0	12
342	1	0	12
343	1	0	12
344	1	0	12
345	1	0	12
346	1	0	12
347	1	0	11
348	1	0	11
349	1	0	11
350	1	0	12
351	1	0	12
352	1	0	12
353	1	0	12
354	1	0	12
355	1	0	12
356	1	0	12
357	1	0	12
358	1	0	12
359	1	0	12
360	1	0	12
361	1	0	11
362	1	0	12
363	1	0	12
364	1	0	12
365	1	0	11
366	1	0	11
367	1	0	12
368	1	0	12
369	1	0	11
370	1	0	12
371	1	0	12
372	1	0	12
373	1	0	12
374	1	0	12
375	1	0	12
376	1	0	12
377	1	0	12
378	1	0	12
379	1	0	12
380	1	0	12
381	1	0	12
382	1	0	12
383	1	0	12
384	1	0	12
385	1	0	12
386	1	0	12
387	1	0	11
388	1	0	12
389	1	0	12
390	1	0	12
391	1	0	12
392	1	0	12
393	1	0	11
394	1	0	11
395	1	0	12
396	1	0	12
397	1	0	12
398	1	0	12
399	1	0	12
400	1	0	11
401	1	0	12
402	1	0	12
403	1	0	12
404	1	0	12
405	1	0	12
406	1	0	12
407	1	0	12
408	1	0	12
409	1	0	12
410	1	0	12
411	1	0	12
412	1	0	12
413	1	0	12
414	1	0	12
415	1	0	11
416	1	0	12
417	1	0	11
418	1	0	11
419	1	0	11
420	1	0	12
421	1	0	12
422	1	0	12
423	1	0	12
424	1	0	11
425	1	0	12
426	1	0	12
427	1	0	12
428	1	0	12
429	1	0	12
430	1	0	12
431	1	0	12
432	1	0	12
433	1	0	11
434	1	0	12
435	1	0	10
436	1	0	10
437	1	0	11
438	1	0	12
439	1	0	12
440	1	0	12
441	1	0	11
442	1	0	12
443	1	0	12
444	1	0	11
445	1	0	12
446	1	0	12
447	1	0	12
448	1	0	12
449	1	0	12
450	1	0	12
451	1	0	12
452	1	0	12
453	1	0	10
454	1	0	12
455	1	0	11
456	1	0	8
457	1	0	12
458	1	0	12
459	1	0	10
460	1	0	12
461	1	0	12
462	1	0	12
463	1	0	12
464	1	1	7
465	1	0	12
466	1	0	12
467	1	0	12
468	1	0	12
469	1	1	9
470	1	0	10
471	1	0	12
472	1	0	12
473	1	0	11
474	1	0	11
475	1	0	12
476	1	0	12
477	1	0	12
478	1	0	12
479	1	0	12
480	1	0	10
481	1	0	12
482	1	0	12
483	1	0	12
484	1	0	12
485	1	0	12
486	1	0	12
487	1	0	12
488	1	0	12
489	1	0	12
490	1	0	12
491	1	0	11
492	1	0	12
493	1	0	12
494	1	0	12
495	1	0	12
496	1	0	12
497	1	0	12
498	1	0	11
499	1	0	12
500	1	0	12
501	1	0	11
502	1	0	12
503	1	0	12
504	1	0	11
505	1	0	12
506	1	0	12
507	1	0	12
508	1	0	12
509	1	0	12
510	1	0	12
511	1	0	12
512	1	0	12
513	1	0	12
514	1	0	12
515	1	0	12
516	1	0	12
517	1	1	9
518	1	0	12
519	1	0	12
520	1	0	11
521	1	0	11
522	1	0	11
523	1	0	12
524	1	0	12
525	1	0	12
526	1	0	12
527	1	0	12
528	1	0	12
529	1	0	12
530	1	0	12
531	1	0	12
532	1	0	12
533	1	0	12
534	1	0	12
535	1	0	12
536	1	0	12
537	1	0	12
538	1	0	12
539	1	0	12
540	1	0	12
541	1	0	11
542	1	0	12
543	1	0	11
544	1	0	12
545	1	1	8
546	1	0	12
547	1	0	12
548	1	0	12
549	1	0	12
550	1	0	12
551	1	0	12
552	1	0	11
553	1	0	11
554	1	0	12
555	1	0	12
556	1	0	12
557	1	0	12
558	1	0	12
559	1	0	11
560	1	0	12
561	1	0	12
562	1	0	11
563	1	0	11
564	1	0	12
565	1	0	12
566	1	0	12
567	1	0	12
568	1	0	12
569	1	0	11
570	1	0	11
571	1	0	12
572	1	0	12
573	1	0	11
574	1	0	12
575	1	0	12
576	1	0	11
577	1	0	12
578	1	0	11
579	1	0	12
580	1	0	11
581	1	0	12
582	1	0	12
583	1	0	12
584	1	0	12
585	1	0	12
586	1	0	12
587	1	0	12
588	1	0	12
589	1	0	12
590	1	0	12
591	1	0	11
592	1	0	12
593	1	0	12
594	1	0	12
595	1	0	11
596	1	0	12
597	1	0	12
598	1	0	11
599	1	0	11
600	1	0	12
601	1	0	12
602	1	0	11
603	1	0	11
604	1	0	12
605	1	0	12
606	1	0	12
607	1	0	12
608	1	0	12
609	1	0	12
610	1	0	12
611	1	0	12
612	1	0	12
613	1	0	12
614	1	0	12
615	1	0	11
616	1	0	12
617	1	0	12
618	1	0	12
619	1	0	12
620	1	0	12
621	1	0	12
622	1	0	12
623	1	0	12
624	1	0	12
625	1	0	12
626	1	0	12
627	1	0	11
628	1	0	12
629	1	0	12
630	1	0	12
631	1	0	12
632	1	0	11
633	1	0	12
634	1	0	12
635	1	0	12
636	1	0	12
637	1	0	12
638	1	0	12
639	1	0	12
640	1	0	11
641	1	0	12
642	1	0	12
643	1	0	12
644	1	0	12
645	1	0	11
646	1	0	12
647	1	0	12
648	1	0	12
649	1	0	11
650	1	0	11
651	1	0	12
652	1	0	12
653	1	0	12
654	1	0	11
655	1	0	12
656	1	0	12
657	1	0	12
658	1	0	12
659	1	0	11
660	1	0	12
661	1	0	12
662	1	0	12
663	1	0	11
664	1	0	12
665	1	0	12
666	1	0	12
667	1	0	12
668	1	0	12
669	1	0	11
670	1	0	12
671	1	0	12
672	1	0	12
673	1	0	12
674	1	0	12
675	1	0	12
676	1	0	12
677	1	0	12
678	1	0	12
679	1	0	12
680	1	0	12
681	1	0	11
682	1	0	12
683	1	0	11
684	1	0	12
685	1	0	12
686	1	0	11
687	1	0	12
688	1	0	12
689	1	0	11
690	1	0	12
691	1	0	12
692	1	0	12
693	1	0	12
694	1	0	12
695	1	0	11
696	1	0	12
697	1	0	12
698	1	0	12
699	1	0	12
700	1	0	12
701	1	0	12
702	1	0	12
703	1	0	12
704	1	0	11
705	1	0	11
706	1	0	12
707	1	0	11
708	1	0	12
709	1	0	12
710	1	0	12
711	1	0	12
712	1	0	12
713	1	0	12
714	1	0	12
715	1	0	12
716	1	0	12
717	1	0	12
718	1	0	12
719	1	0	12
720	1	0	11
721	1	0	12
722	1	0	12
723	1	0	12
724	1	0	12
725	1	0	12
726	1	0	12
727	1	0	12
728	1	0	12
729	1	0	12
730	1	0	12
731	1	0	11
732	1	0	12
733	1	0	12
734	1	0	12
735	1	0	12
736	1	0	12
737	1	0	12
738	1	0	11
739	1	0	12
740	1	0	12
741	1	0	12
742	1	0	12
743	1	0	12
744	1	0	12
745	1	0	12
746	1	0	11
747	1	0	12
748	1	0	12
749	1	0	12
750	1	0	12
751	1	0	12
752	1	0	12
753	1	0	12
754	1	0	12
755	1	0	12
756	1	0	12
757	1	0	12
758	1	0	11
759	1	0	12
760	1	0	12
761	1	0	12
762	1	0	12
763	1	0	12
764	1	0	12
765	1	0	12
766	1	1	8
767	1	0	12
768	1	0	12
769	1	0	12
770	1	0	12
771	1	0	12
772	1	0	12
773	1	0	11
774	1	0	12
775	1	0	12
776	1	0	12
777	1	0	11
778	1	0	12
779	1	0	12
780	1	0	12
781	1	0	12
782	1	0	12
783	1	0	12
784	1	0	11
785	1	0	12
786	1	0	11
787	1	0	12
788	1	0	12
789	1	0	12
790	1	0	12
791	1	0	12
792	1	0	11
793	1	0	12
794	1	0	12
795	1	0	12
796	1	0	12
797	1	0	11
798	1	0	12
799	1	0	12
800	1	0	12
801	1	0	12
802	1	0	12
803	1	0	12
804	1	0	12
805	1	0	12
806	1	0	12
807	1	0	12
808	1	0	12
809	1	0	12
810	1	0	10
811	1	0	12
812	1	0	12
813	1	0	11
814	1	0	12
815	1	0	12
816	1	0	12
817	1	0	12
818	1	0	12
819	1	0	12
820	1	0	12
821	1	0	10
822	1	0	12
823	1	0	12
824	1	0	12
825	1	0	12
826	1	0	12
827	1	0	12
828	1	0	12
829	1	0	12
830	1	0	12
831	1	0	12
832	1	0	12
833	1	0	11
834	1	0	12
835	1	0	11
836	1	0	11
837	1	0	11
838	1	0	11
839	1	0	12
840	1	0	11
841	1	0	12
842	1	0	11
843	1	0	12
844	1	0	12
845	1	0	12
846	1	0	12
847	1	0	11
848	1	0	12
849	1	0	12
850	1	0	11
851	1	0	11
852	1	0	12
853	1	0	12
854	1	0	11
855	1	0	12
856	1	0	11
857	1	0	12
858	1	0	11
859	1	0	11
860	1	0	12
861	1	0	11
862	1	0	12
863	1	0	12
864	1	0	12
865	1	0	12
866	1	0	12
867	1	0	12
868	1	0	11
869	1	0	12
870	1	0	12
871	1	0	11
872	1	0	12
873	1	0	12
874	1	0	12
875	1	0	11
876	1	0	12
877	1	0	11
878	1	0	12
879	1	0	12
880	1	0	11
881	1	0	12
882	1	0	12
883	1	0	12
884	1	0	10
885	1	0	10
886	1	0	11
887	1	0	12
888	1	0	12
889	1	0	12
890	1	0	12
891	1	0	12
892	1	0	12
893	1	0	11
894	1	0	11
895	1	0	12
896	1	0	11
897	1	0	12
898	1	0	12
899	1	0	12
900	1	0	12
901	1	0	11
902	1	0	11
903	1	0	12
904	1	0	11
905	1	0	12
906	1	0	12
907	1	0	12
908	1	0	11
909	1	0	11
910	1	0	11
911	1	0	12
912	1	0	12
913	1	0	12
914	1	0	12
915	1	0	12
916	1	0	12
917	1	0	10
918	1	0	12
919	1	0	12
920	1	0	11
921	1	0	12
922	1	0	11
923	1	0	12
924	1	0	12
925	1	0	11
926	1	0	12
927	1	0	12
928	1	0	11
929	1	0	12
930	1	0	12
931	1	0	12
932	1	0	12
933	1	0	12
934	1	0	12
935	1	0	12
936	1	0	12
937	1	0	12
938	1	0	12
939	1	0	11
940	1	0	12
941	1	0	12
942	1	0	12
943	1	0	12
944	1	0	12
945	1	0	12
946	1	0	11
947	1	0	12
948	1	0	12
949	1	0	12
950	1	0	11
951	1	0	12
952	1	0	12
953	1	0	11
954	1	0	12
955	1	0	12
956	1	1	9
957	1	0	12
958	1	0	12
959	1	0	12
960	1	0	12
961	1	0	12
962	1	0	12
963	1	0	12
964	1	0	12
965	1	0	12
966	1	0	12
967	1	0	11
968	1	0	12
969	1	0	12
970	1	0	12
971	1	0	12
972	1	0	11
973	1	0	12
974	1	0	12
975	1	0	12
976	1	0	12
977	1	0	12
978	1	0	12
979	1	0	11
980	1	0	10
981	1	0	12
982	1	0	12
983	1	0	12
984	1	0	12
985	1	0	12
986	1	0	12
987	1	0	10
988	1	0	11
989	1	0	12
990	1	0	12
991	1	0	12
992	1	0	12
993	1	0	12
994	1	0	11
995	1	0	12
996	1	0	12
997	1	0	11
998	1	0	11
999	1	0	11
1000	1	0	12
