A->A,A	B->B,B	C->C,C
1	14	2	2
2	14	2	2
3	14	2	4
4	14	2	2
5	14	2	2
6	14	2	2
7	14	2	2
8	14	2	3
9	13	2	4
10	14	2	4
11	14	2	4
12	14	2	4
13	14	2	3
14	14	2	2
15	14	2	4
16	13	2	4
17	14	2	4
18	14	2	4
19	14	2	2
20	14	2	2
21	14	2	4
22	14	2	2
23	14	2	4
24	14	2	4
25	13	2	2
26	14	2	2
27	14	2	4
28	14	2	4
29	14	2	4
30	14	2	2
31	14	2	4
32	14	2	2
33	14	2	2
34	14	2	4
35	14	2	4
36	12	2	4
37	13	2	4
38	14	2	2
39	14	2	4
40	14	2	4
41	14	2	4
42	14	2	4
43	14	2	2
44	14	2	4
45	14	2	4
46	13	2	4
47	14	2	2
48	13	2	4
49	14	2	2
50	14	2	4
51	14	2	4
52	14	2	4
53	14	2	4
54	14	2	4
55	14	2	2
56	14	2	4
57	14	2	2
58	14	2	4
59	14	2	4
60	14	2	4
61	14	2	2
62	14	2	4
63	14	2	4
64	14	2	2
65	14	2	4
66	14	2	2
67	14	2	2
68	14	2	2
69	14	2	4
70	14	2	4
71	14	2	3
72	14	2	2
73	14	2	4
74	14	2	4
75	13	2	4
76	14	2	4
77	14	2	2
78	14	2	2
79	14	2	4
80	14	2	2
81	14	2	2
82	14	2	4
83	14	2	2
84	14	2	4
85	14	2	3
86	14	2	2
87	14	2	4
88	14	2	4
89	14	2	2
90	14	2	4
91	14	2	2
92	14	2	4
93	14	2	4
94	14	2	4
95	14	2	2
96	14	2	4
97	14	2	4
98	14	2	2
99	14	2	2
100	14	2	4
101	13	2	2
102	14	2	4
103	14	2	4
104	14	2	2
105	14	2	4
106	14	2	4
107	14	2	4
108	14	2	4
109	14	2	4
110	14	2	2
111	14	2	4
112	14	2	2
113	14	2	3
114	13	2	2
115	14	2	3
116	14	2	4
117	14	2	4
118	13	2	4
119	14	2	4
120	14	2	4
121	14	2	2
122	13	2	4
123	14	2	4
124	14	2	4
125	14	2	4
126	14	2	2
127	14	2	2
128	14	2	4
129	14	2	4
130	14	2	2
131	14	2	4
132	14	2	4
133	14	2	2
134	14	2	4
135	14	2	4
136	14	2	2
137	14	2	2
138	14	2	4
139	14	2	4
140	14	2	3
141	13	2	2
142	14	2	2
143	14	2	2
144	14	2	2
145	14	2	4
146	14	2	2
147	14	2	2
148	13	2	2
149	14	2	2
150	14	2	2
151	14	2	4
152	14	2	2
153	14	2	3
154	14	2	2
155	14	2	4
156	12	2	4
157	14	2	4
158	14	2	4
159	14	2	3
160	14	2	4
161	14	2	4
162	14	2	4
163	14	2	4
164	13	2	4
165	14	2	4
166	14	2	4
167	14	2	4
168	14	2	4
169	14	2	3
170	14	2	4
171	14	2	2
172	14	2	2
173	14	2	4
174	14	2	4
175	14	2	3
176	14	2	4
177	14	2	4
178	14	2	2
179	14	2	4
180	14	2	2
181	14	2	3
182	14	2	4
183	14	2	4
184	14	2	4
185	14	2	4
186	14	2	2
187	14	2	4
188	14	2	2
189	14	2	3
190	14	2	2
191	14	2	2
192	14	2	4
193	14	2	4
194	14	2	4
195	14	2	2
196	14	2	4
197	14	2	4
198	14	2	4
199	14	2	2
200	14	2	4
201	14	2	4
202	14	2	2
203	14	2	2
204	14	2	2
205	14	2	2
206	14	2	2
207	14	2	4
208	14	2	4
209	14	2	4
210	14	2	4
211	14	2	2
212	14	2	2
213	14	2	4
214	14	2	4
215	13	2	4
216	14	2	2
217	14	2	2
218	14	2	4
219	14	2	2
220	14	2	2
221	14	2	2
222	14	2	4
223	14	2	4
224	13	2	4
225	14	2	2
226	14	2	4
227	14	2	2
228	14	2	2
229	14	2	2
230	14	2	4
231	14	2	4
232	14	2	4
233	13	2	2
234	13	2	2
235	14	2	4
236	12	2	4
237	14	2	4
238	14	2	3
239	14	2	4
240	14	2	4
241	14	2	4
242	14	2	4
243	13	2	4
244	14	2	4
245	14	2	4
246	13	2	4
247	14	2	4
248	14	2	4
249	14	2	2
250	12	2	2
251	14	2	2
252	14	2	4
253	14	2	4
254	14	2	4
255	14	2	2
256	14	2	4
257	14	2	3
258	14	2	4
259	14	2	2
260	14	2	4
261	14	2	4
262	14	2	2
263	13	2	4
264	14	2	4
265	14	2	4
266	14	2	4
267	14	2	4
268	14	2	4
269	14	2	2
270	14	2	4
271	14	2	4
272	14	2	4
273	14	2	4
274	14	2	4
275	14	2	4
276	14	2	2
277	14	2	2
278	14	2	2
279	14	2	2
280	14	2	4
281	14	2	4
282	14	2	2
283	14	2	3
284	14	2	4
285	14	2	4
286	14	2	2
287	14	2	2
288	14	2	4
289	14	2	4
290	14	2	4
291	14	2	2
292	14	2	4
293	14	2	2
294	14	2	4
295	14	2	4
296	14	2	4
297	14	2	4
298	14	2	4
299	14	2	4
300	14	2	4
301	14	2	4
302	14	2	4
303	14	2	2
304	11	4	2
305	14	2	4
306	13	2	2
307	14	2	4
308	14	2	2
309	13	2	4
310	14	2	3
311	14	2	4
312	14	2	4
313	13	2	2
314	13	2	2
315	13	2	2
316	14	2	2
317	14	2	4
318	14	2	4
319	14	2	4
320	14	2	2
321	13	2	2
322	14	2	4
323	14	2	2
324	13	2	4
325	14	2	4
326	14	2	4
327	14	2	2
328	14	2	4
329	14	2	4
330	14	2	2
331	14	2	4
332	14	2	2
333	14	2	3
334	14	2	2
335	14	2	2
336	13	2	4
337	14	2	4
338	13	2	2
339	13	2	2
340	14	2	4
341	14	2	4
342	14	2	4
343	14	2	4
344	14	2	4
345	14	2	3
346	14	2	4
347	14	2	4
348	14	2	3
349	14	2	4
350	14	2	4
351	14	2	4
352	14	2	2
353	14	2	4
354	14	2	2
355	14	2	4
356	14	2	2
357	14	2	3
358	14	2	4
359	14	2	2
360	14	2	4
361	14	2	4
362	14	2	3
363	14	2	4
364	14	2	4
365	13	2	4
366	14	2	2
367	14	2	4
368	14	2	2
369	14	2	2
370	14	2	4
371	14	2	3
372	14	2	4
373	13	2	4
374	13	2	4
375	14	2	2
376	14	2	4
377	14	2	2
378	14	2	4
379	14	2	4
380	14	2	2
381	14	2	2
382	14	2	3
383	14	2	4
384	14	2	4
385	13	2	4
386	14	2	4
387	14	2	4
388	14	2	2
389	14	2	4
390	13	2	4
391	14	2	4
392	13	2	2
393	14	2	3
394	13	2	2
395	14	2	2
396	14	2	4
397	14	2	4
398	14	2	3
399	13	2	3
400	14	2	2
401	14	2	4
402	14	2	4
403	14	2	4
404	14	2	2
405	14	2	2
406	14	2	4
407	14	2	2
408	14	2	4
409	13	2	2
410	14	2	2
411	14	2	4
412	14	2	3
413	14	2	4
414	13	2	4
415	14	2	4
416	14	2	2
417	14	2	4
418	14	2	2
419	14	2	2
420	14	2	2
421	14	2	4
422	14	2	2
423	13	2	4
424	14	2	4
425	14	2	2
426	14	2	4
427	14	2	2
428	14	2	4
429	14	2	4
430	14	2	2
431	14	2	2
432	14	2	2
433	14	2	4
434	14	2	4
435	12	2	4
436	14	2	4
437	14	2	4
438	14	2	4
439	14	2	2
440	14	2	4
441	14	2	3
442	14	2	4
443	14	2	4
444	14	2	2
445	14	2	4
446	14	2	2
447	14	2	2
448	14	2	3
449	14	2	4
450	14	2	4
451	14	2	4
452	14	2	4
453	12	2	4
454	14	2	4
455	14	2	3
456	13	2	2
457	14	2	2
458	14	2	4
459	14	2	2
460	14	2	4
461	14	2	3
462	14	2	4
463	14	2	2
464	14	2	2
465	13	2	4
466	14	2	2
467	14	2	4
468	13	2	2
469	12	2	4
470	12	2	2
471	14	2	4
472	14	2	2
473	13	2	4
474	14	2	4
475	14	2	4
476	14	2	4
477	14	2	2
478	14	2	4
479	14	2	3
480	13	2	4
481	14	2	2
482	14	2	4
483	14	2	4
484	14	2	2
485	14	2	2
486	14	2	2
487	13	2	3
488	14	2	4
489	14	2	4
490	14	2	4
491	14	2	4
492	14	2	2
493	14	2	4
494	13	2	3
495	14	2	2
496	14	2	4
497	14	2	4
498	14	2	4
499	14	2	2
500	14	2	4
501	13	2	2
502	14	2	4
503	14	2	4
504	14	2	4
505	14	2	2
506	14	2	4
507	14	2	2
508	14	2	4
509	14	2	4
510	14	2	2
511	14	2	4
512	14	2	4
513	14	2	4
514	14	2	4
515	14	2	4
516	14	2	2
517	12	2	4
518	14	2	4
519	14	2	4
520	14	2	2
521	14	2	4
522	14	2	4
523	14	2	4
524	14	2	2
525	14	2	4
526	14	2	3
527	14	2	4
528	14	2	2
529	14	2	3
530	14	2	2
531	14	2	2
532	14	2	2
533	14	2	4
534	14	2	4
535	14	2	4
536	13	2	4
537	14	2	4
538	14	2	4
539	14	2	4
540	14	2	4
541	14	2	2
542	14	2	3
543	14	2	4
544	14	2	4
545	13	2	2
546	14	2	4
547	14	2	2
548	14	2	4
549	14	2	2
550	14	2	4
551	14	2	4
552	14	2	4
553	14	2	2
554	14	2	2
555	14	2	4
556	14	2	3
557	14	2	4
558	14	2	4
559	14	2	2
560	13	2	4
561	14	2	4
562	14	2	4
563	14	2	2
564	14	2	4
565	14	2	4
566	14	2	2
567	14	2	2
568	14	2	4
569	14	2	2
570	14	2	2
571	14	2	4
572	14	2	4
573	14	2	2
574	13	2	4
575	14	2	4
576	14	2	2
577	14	2	3
578	14	2	4
579	13	2	4
580	14	2	4
581	14	2	4
582	14	2	2
583	13	2	4
584	14	2	4
585	14	2	2
586	14	2	4
587	14	2	4
588	14	2	4
589	14	2	4
590	14	2	4
591	14	2	2
592	14	2	2
593	14	2	2
594	14	2	2
595	13	2	2
596	14	2	4
597	13	2	4
598	13	2	4
599	13	2	2
600	14	2	4
601	14	2	4
602	14	2	2
603	14	2	4
604	14	2	2
605	14	2	4
606	14	2	4
607	14	2	2
608	13	2	4
609	14	2	2
610	14	2	4
611	14	2	3
612	14	2	4
613	14	2	4
614	14	2	4
615	12	2	4
616	14	2	2
617	14	2	2
618	14	2	2
619	13	2	4
620	14	2	4
621	14	2	3
622	14	2	2
623	14	2	2
624	14	2	4
625	14	2	2
626	14	2	2
627	14	2	4
628	14	2	4
629	14	2	4
630	14	2	2
631	14	2	4
632	14	2	2
633	14	2	4
634	14	2	4
635	14	2	2
636	14	2	4
637	14	2	4
638	14	2	4
639	14	2	4
640	14	2	4
641	14	2	4
642	13	2	3
643	14	2	4
644	14	2	4
645	14	2	4
646	14	2	2
647	14	2	4
648	14	2	2
649	14	2	4
650	14	2	4
651	14	2	4
652	14	2	4
653	13	2	4
654	14	2	2
655	14	2	4
656	14	2	4
657	14	2	2
658	14	2	2
659	14	2	4
660	14	2	2
661	14	2	4
662	14	2	4
663	14	2	4
664	14	2	4
665	13	2	4
666	14	2	4
667	14	2	4
668	14	2	2
669	14	2	4
670	14	2	2
671	14	2	2
672	14	2	4
673	14	2	4
674	11	2	2
675	14	2	4
676	12	2	2
677	14	2	4
678	13	2	2
679	14	2	2
680	14	2	2
681	14	2	4
682	14	2	4
683	14	2	2
684	14	2	4
685	14	2	3
686	13	2	4
687	14	2	4
688	13	2	4
689	14	2	2
690	14	2	4
691	14	2	4
692	14	2	2
693	14	2	4
694	14	2	4
695	14	2	2
696	14	2	2
697	14	2	4
698	14	2	4
699	13	2	4
700	14	2	3
701	14	2	4
702	14	2	2
703	14	2	4
704	14	2	4
705	14	2	2
706	14	2	2
707	14	2	4
708	14	2	4
709	14	2	4
710	14	2	2
711	14	2	2
712	14	2	4
713	12	2	2
714	14	2	4
715	14	2	4
716	14	2	4
717	14	2	4
718	14	2	2
719	14	2	2
720	13	2	2
721	13	2	2
722	14	2	4
723	14	2	4
724	14	2	2
725	14	2	4
726	14	2	2
727	13	2	2
728	14	2	2
729	14	2	4
730	14	2	4
731	14	2	4
732	14	2	2
733	14	2	2
734	14	2	4
735	14	2	2
736	14	2	2
737	13	2	4
738	14	2	4
739	14	2	2
740	14	2	4
741	14	2	4
742	14	2	2
743	14	2	2
744	14	2	4
745	14	2	2
746	14	2	4
747	14	2	3
748	14	2	4
749	14	2	4
750	13	2	2
751	14	2	4
752	13	2	2
753	14	2	4
754	14	2	2
755	14	2	2
756	14	2	4
757	14	2	2
758	14	2	2
759	14	2	4
760	14	2	4
761	14	2	4
762	13	2	2
763	14	2	4
764	14	2	2
765	14	2	2
766	14	2	2
767	14	2	2
768	14	2	4
769	14	2	2
770	14	2	4
771	13	2	4
772	14	2	2
773	13	2	4
774	14	2	4
775	14	2	2
776	14	2	2
777	14	2	4
778	14	2	4
779	14	2	2
780	14	2	4
781	14	2	4
782	14	2	4
783	14	2	4
784	14	2	4
785	14	2	3
786	14	2	2
787	14	2	4
788	14	2	2
789	14	2	4
790	14	2	4
791	14	2	4
792	14	2	4
793	13	2	4
794	13	2	2
795	14	2	2
796	14	2	4
797	14	2	2
798	14	2	3
799	13	2	2
800	14	2	4
801	14	2	4
802	14	2	4
803	14	2	4
804	13	2	4
805	14	2	4
806	14	2	4
807	14	2	4
808	14	2	4
809	14	2	3
810	14	2	3
811	14	2	2
812	13	2	4
813	14	2	4
814	14	2	2
815	13	2	4
816	14	2	4
817	14	2	2
818	14	2	4
819	14	2	2
820	14	2	2
821	12	2	4
822	14	2	2
823	14	2	3
824	13	2	2
825	14	2	2
826	14	2	4
827	14	2	2
828	13	2	2
829	14	2	2
830	14	2	2
831	14	2	4
832	13	2	4
833	14	2	4
834	13	2	2
835	14	2	4
836	14	2	2
837	14	2	4
838	14	2	4
839	14	2	2
840	14	2	4
841	14	2	4
842	14	2	2
843	14	2	4
844	14	2	2
845	14	2	2
846	14	2	2
847	14	2	2
848	13	2	4
849	14	2	4
850	13	2	4
851	14	2	4
852	14	2	4
853	14	2	4
854	14	2	4
855	14	2	4
856	14	2	4
857	14	2	2
858	14	2	4
859	14	2	4
860	14	2	2
861	14	2	4
862	14	2	2
863	14	2	4
864	14	2	4
865	14	2	4
866	13	2	2
867	14	2	4
868	14	2	4
869	14	2	4
870	14	2	2
871	14	2	4
872	14	2	4
873	14	2	4
874	14	2	4
875	14	2	3
876	13	2	2
877	14	2	4
878	14	2	4
879	14	2	2
880	14	2	4
881	14	2	2
882	14	2	4
883	14	2	4
884	12	2	2
885	14	2	2
886	13	2	4
887	14	2	3
888	14	2	4
889	14	2	4
890	13	2	4
891	14	2	2
892	14	2	4
893	14	2	4
894	14	2	2
895	12	2	4
896	14	2	2
897	14	2	3
898	14	2	2
899	14	2	2
900	14	2	4
901	14	2	2
902	14	2	4
903	14	2	4
904	14	2	4
905	13	2	2
906	14	2	2
907	14	2	4
908	14	2	4
909	13	2	2
910	14	2	2
911	14	2	2
912	14	2	4
913	14	2	4
914	14	2	2
915	14	2	2
916	14	2	4
917	11	3	4
918	14	2	2
919	14	2	4
920	14	2	2
921	14	2	3
922	11	3	2
923	14	2	4
924	14	2	2
925	14	2	3
926	14	2	4
927	14	2	4
928	14	2	2
929	14	2	4
930	14	2	4
931	14	2	2
932	14	2	4
933	14	2	3
934	13	2	2
935	14	2	2
936	14	2	4
937	14	2	4
938	14	2	4
939	13	2	2
940	14	2	4
941	14	2	4
942	14	2	4
943	13	2	4
944	14	2	4
945	14	2	4
946	14	2	4
947	14	2	2
948	13	2	4
949	14	2	4
950	13	2	4
951	14	2	4
952	14	2	4
953	14	2	2
954	14	2	4
955	14	2	4
956	14	2	2
957	14	2	2
958	14	2	3
959	14	2	4
960	14	2	4
961	14	2	4
962	14	2	4
963	14	2	4
964	14	2	4
965	14	2	2
966	14	2	4
967	14	2	4
968	14	2	4
969	14	2	2
970	14	2	4
971	13	2	2
972	13	2	4
973	14	2	4
974	14	2	4
975	14	2	4
976	14	2	4
977	14	2	2
978	14	2	2
979	14	2	4
980	13	2	4
981	14	2	2
982	14	2	2
983	14	2	2
984	14	2	4
985	14	2	4
986	14	2	2
987	13	2	2
988	14	2	4
989	14	2	2
990	14	2	2
991	14	2	4
992	14	2	4
993	13	2	2
994	14	2	4
995	14	2	4
996	14	2	4
997	14	2	4
998	14	2	2
999	14	2	4
1000	14	2	4
