AB->A,AB	AB->B,AB	ABC->A,ABC	ABC->B,ABC	ABC->C,ABC	AC->A,AC	AC->C,AC	BC->B,BC	BC->C,BC
1	4	1	0	0	0	0	0	0	1
2	1	0	0	0	0	0	2	1	2
3	2	2	0	0	0	0	0	0	0
4	4	2	0	0	0	0	0	1	0
5	3	3	1	1	0	0	0	1	1
6	1	0	0	0	0	0	0	0	1
7	0	1	0	0	0	0	0	0	1
8	0	0	0	0	0	0	2	2	1
9	1	0	0	0	0	1	0	1	3
10	1	1	0	0	0	0	0	1	0
11	1	1	0	0	0	0	0	0	0
12	3	1	0	0	0	0	0	2	1
13	2	1	0	0	0	0	0	0	0
14	1	2	0	1	0	0	0	1	1
15	0	0	0	0	0	0	0	0	1
16	3	1	0	0	0	0	0	0	0
17	1	0	0	0	0	1	0	1	1
18	1	0	0	0	0	1	0	1	2
19	2	3	1	0	1	2	0	0	0
20	1	4	3	2	1	0	3	2	1
21	1	0	0	0	1	1	0	0	0
22	2	2	1	0	0	0	0	1	2
23	3	4	0	0	0	1	0	1	5
24	1	0	0	0	0	0	0	1	1
25	2	2	0	0	0	0	0	0	1
26	1	1	0	0	0	0	0	0	0
27	2	2	0	0	0	0	0	0	0
28	3	2	0	0	0	0	0	0	0
29	0	1	0	0	0	0	0	1	2
30	3	2	0	0	0	0	0	0	0
31	4	2	0	0	0	0	0	1	2
32	1	1	1	0	0	0	0	0	0
33	4	3	0	0	0	0	0	1	1
34	3	1	0	0	0	0	0	0	1
35	2	2	0	0	0	0	0	1	1
36	3	2	0	0	0	1	0	0	0
37	1	0	0	0	0	0	0	1	1
38	3	2	0	0	0	0	0	1	3
39	1	2	0	0	0	1	0	0	1
40	1	3	0	0	0	1	0	0	0
41	1	0	0	0	0	0	0	0	0
42	1	2	0	0	0	0	1	0	0
43	4	1	0	0	0	0	0	3	3
44	1	2	0	0	0	0	0	0	2
45	2	1	0	0	0	0	0	0	0
46	1	1	0	0	0	3	0	1	1
47	1	3	0	0	0	0	0	1	1
48	2	1	0	0	0	1	0	0	0
49	1	0	0	0	0	0	0	1	1
50	1	0	0	0	0	0	0	0	1
51	1	0	0	0	0	0	0	1	1
52	3	1	0	0	0	1	0	0	0
53	1	4	0	0	0	0	0	0	0
54	1	0	0	0	0	0	0	0	0
55	3	3	0	0	0	0	0	1	2
56	1	0	0	0	0	1	0	1	1
57	1	2	1	0	0	0	0	1	3
58	1	1	0	0	0	0	0	1	1
59	1	1	0	0	0	0	0	0	1
60	1	1	0	0	0	0	1	0	1
61	3	2	0	1	0	0	0	1	0
62	4	2	0	0	0	0	0	1	2
63	1	0	0	0	0	0	0	0	0
64	2	1	0	0	0	0	0	0	1
65	0	2	0	0	0	0	0	0	2
66	0	0	1	0	0	0	0	0	0
67	2	0	0	0	0	0	2	0	1
68	3	1	1	0	0	0	0	2	1
69	4	4	0	0	0	0	0	1	1
70	4	4	0	0	0	0	0	1	1
71	1	0	0	0	0	0	0	1	1
72	2	2	0	0	0	0	0	0	0
73	1	0	0	0	0	1	0	1	3
74	1	0	0	0	0	1	0	1	3
75	1	1	0	0	0	1	0	0	1
76	2	3	0	0	0	0	0	0	1
77	2	2	0	0	0	0	1	1	2
78	2	2	0	0	0	0	0	0	1
79	1	0	0	0	1	1	0	1	2
80	2	2	0	0	0	0	0	3	4
81	0	0	1	2	1	0	0	0	3
82	1	0	0	0	0	1	0	0	0
83	3	2	0	0	0	0	0	0	0
84	0	0	0	0	0	0	0	0	0
85	1	0	0	0	0	0	0	1	2
86	3	1	0	0	0	0	0	1	2
87	1	0	0	0	0	1	0	0	1
88	3	1	0	0	0	0	0	0	0
89	1	0	0	0	0	0	0	1	1
90	0	0	0	0	0	1	0	0	4
91	4	3	0	0	0	0	0	1	3
92	2	1	0	0	0	0	0	1	4
93	3	1	0	0	0	0	0	0	0
94	0	1	0	0	0	0	0	0	0
95	1	0	0	0	0	0	0	0	0
96	1	1	0	0	0	1	2	1	1
97	0	0	0	1	1	1	0	1	0
98	3	3	0	0	0	0	0	0	1
99	3	3	0	0	0	0	0	0	1
100	2	0	0	0	0	0	0	0	0
101	2	3	1	0	0	0	0	1	1
102	0	1	0	0	0	0	0	0	0
103	3	4	0	0	0	0	0	1	1
104	1	0	0	0	0	0	0	0	0
105	3	2	0	0	0	1	0	0	0
106	1	2	0	0	0	0	1	0	0
107	2	2	0	0	0	1	0	0	1
108	0	1	0	0	0	1	0	1	2
109	0	0	0	0	0	0	0	1	1
110	3	2	0	0	0	0	0	0	0
111	1	1	0	0	0	0	0	0	0
112	2	1	0	0	0	0	0	1	3
113	2	3	0	0	0	0	0	0	0
114	4	5	0	0	0	0	0	1	1
115	3	2	0	0	0	0	0	1	2
116	1	0	1	1	1	1	0	0	0
117	3	2	0	0	0	0	0	2	2
118	1	0	0	0	0	0	1	1	1
119	3	1	0	0	0	0	0	1	2
120	2	4	0	1	0	0	0	1	1
121	1	1	0	0	0	0	0	0	1
122	0	3	0	0	0	0	0	0	0
123	1	0	0	0	0	0	0	1	2
124	0	0	0	0	0	1	0	0	1
125	1	0	0	0	0	1	0	1	1
126	1	1	0	0	0	0	0	1	3
127	2	2	1	0	1	2	0	1	2
128	2	1	0	0	0	0	0	0	0
129	3	1	0	0	0	0	0	1	1
130	0	1	0	0	0	0	0	0	0
131	1	0	0	0	0	0	0	0	0
132	3	3	0	0	0	0	0	0	1
133	1	1	0	0	0	0	0	0	3
134	0	2	2	2	1	0	0	0	0
135	5	1	0	0	0	0	0	1	3
136	3	1	1	0	0	0	1	1	1
137	3	2	0	1	0	0	0	1	1
138	4	4	0	0	0	0	0	1	2
139	3	1	0	0	0	1	0	2	1
140	1	0	0	0	0	0	0	1	2
141	5	2	0	0	0	0	0	1	1
142	1	1	1	0	0	0	0	0	0
143	1	0	0	0	0	0	0	0	0
144	4	4	0	0	0	0	0	0	1
145	0	1	0	0	0	1	0	0	2
146	2	1	0	0	0	0	0	0	0
147	1	0	0	0	0	0	2	0	1
148	2	4	1	0	0	0	0	0	1
149	0	1	0	0	0	0	0	1	3
150	1	1	0	0	0	0	0	0	0
151	2	1	0	0	0	0	0	0	0
152	3	1	0	0	0	0	0	1	2
153	1	0	2	1	1	0	0	1	3
154	3	1	2	0	0	0	0	0	1
155	1	2	0	0	0	0	0	0	0
156	5	5	0	0	0	1	0	1	2
157	1	1	0	0	0	0	1	1	2
158	3	1	0	0	0	0	0	2	2
159	0	0	2	1	1	0	0	1	1
160	2	1	0	0	0	0	0	0	0
161	0	0	0	0	0	0	0	0	1
162	4	1	0	0	0	1	0	1	1
163	1	1	0	0	0	0	0	1	1
164	2	0	2	0	1	1	0	1	2
165	1	0	0	0	0	0	0	1	1
166	3	4	0	0	0	1	0	0	0
167	2	1	0	0	0	1	0	1	0
168	1	2	0	0	0	1	0	0	2
169	1	0	0	0	0	0	0	2	3
170	0	0	0	0	0	0	0	0	0
171	2	1	0	0	0	0	0	0	0
172	3	2	1	0	0	0	0	1	4
173	0	0	0	0	0	0	0	1	1
174	4	2	0	0	0	1	0	1	3
175	1	4	0	0	0	0	0	0	1
176	1	1	0	0	0	0	1	0	1
177	2	1	0	0	0	0	0	0	0
178	3	3	0	0	0	0	0	0	1
179	1	0	0	0	0	0	1	1	2
180	2	1	0	0	0	0	0	0	0
181	0	2	0	0	1	2	0	0	0
182	1	3	0	0	0	0	1	0	1
183	2	1	0	0	0	0	0	0	0
184	1	1	0	0	0	0	0	0	0
185	1	0	0	0	0	0	0	1	1
186	3	3	1	0	0	0	0	1	1
187	2	3	0	0	0	0	0	0	1
188	3	1	0	0	0	0	0	1	2
189	1	2	0	0	0	0	0	1	2
190	1	0	0	0	0	0	0	0	3
191	0	0	1	0	0	0	0	1	1
192	1	0	0	0	0	0	0	1	2
193	1	1	0	0	0	0	0	0	0
194	1	3	0	0	0	0	0	0	2
195	1	1	1	0	0	0	0	1	4
196	2	1	0	0	0	0	0	0	1
197	1	2	0	0	0	0	0	0	0
198	1	0	0	0	0	0	0	2	4
199	2	0	0	0	0	0	0	1	2
200	0	0	0	0	0	1	0	2	1
201	1	0	0	0	0	0	0	0	0
202	3	3	0	0	0	0	1	0	0
203	1	1	0	0	0	0	0	0	0
204	1	0	0	0	0	0	0	0	0
205	2	0	0	0	0	0	1	0	0
206	2	1	1	0	0	0	3	0	1
207	1	1	0	0	0	0	0	1	0
208	1	1	0	0	0	0	0	0	0
209	1	0	0	0	0	1	0	2	2
210	0	0	0	0	1	2	0	1	1
211	0	0	0	0	0	0	0	0	1
212	3	1	0	0	0	0	0	1	3
213	2	1	0	0	0	1	0	0	0
214	0	0	0	0	0	1	0	1	2
215	5	3	0	0	0	0	0	0	1
216	2	0	0	0	0	0	3	1	1
217	2	0	0	0	0	0	0	1	2
218	3	3	0	0	0	0	0	0	0
219	0	0	1	0	0	0	0	0	0
220	3	4	0	0	0	0	0	0	0
221	2	1	0	0	1	2	0	0	0
222	0	0	0	0	0	0	1	0	0
223	1	0	0	0	0	0	0	1	6
224	3	4	0	0	0	1	0	1	2
225	1	1	1	0	0	0	0	2	2
226	1	2	0	0	0	0	0	1	2
227	6	2	1	0	0	0	0	1	0
228	1	0	0	0	0	0	0	0	0
229	1	0	0	0	0	0	0	0	0
230	0	0	0	0	0	0	0	1	0
231	2	4	0	0	0	0	0	0	0
232	3	1	0	0	0	0	0	1	3
233	0	1	0	0	0	0	0	1	2
234	1	2	1	0	0	0	0	0	0
235	0	2	0	0	0	0	0	1	1
236	2	1	0	0	0	1	0	0	1
237	2	3	0	1	0	0	0	1	1
238	1	3	0	0	0	0	0	0	1
239	0	0	0	0	0	0	0	0	0
240	1	3	0	0	0	0	0	1	2
241	2	2	3	1	1	0	0	1	1
242	2	5	0	0	0	0	0	0	1
243	2	3	2	1	1	1	0	2	3
244	3	2	0	0	0	1	0	0	0
245	2	2	0	0	0	0	0	1	2
246	1	1	0	0	0	0	0	1	1
247	1	1	0	0	0	0	2	0	0
248	3	2	2	2	1	0	0	0	2
249	1	0	0	0	0	0	0	0	0
250	4	1	0	0	0	0	0	1	1
251	1	0	1	0	0	0	0	0	1
252	0	1	0	0	0	0	0	1	2
253	3	1	0	0	0	0	0	0	0
254	1	0	0	0	0	0	0	0	0
255	4	1	1	0	0	0	0	1	1
256	4	0	0	0	0	0	0	0	1
257	1	0	0	0	0	1	1	2	1
258	2	4	0	0	0	1	0	2	2
259	1	0	1	0	0	0	0	1	1
260	2	3	0	0	0	0	0	1	2
261	0	0	0	0	0	0	0	0	2
262	0	0	0	0	0	0	0	5	3
263	1	2	0	0	0	0	0	1	1
264	2	0	0	0	0	0	0	1	0
265	1	2	0	0	0	1	0	0	2
266	2	3	0	0	0	1	0	1	1
267	2	2	0	0	0	0	0	0	1
268	1	0	0	0	0	0	0	1	3
269	2	0	0	0	0	0	0	0	0
270	1	0	0	0	0	0	0	1	1
271	2	3	0	0	0	0	0	2	7
272	1	0	0	0	0	0	0	2	3
273	0	1	0	0	0	0	0	1	1
274	4	2	0	0	0	0	0	1	0
275	3	1	0	0	0	1	1	0	0
276	1	0	1	0	0	0	0	1	1
277	1	0	1	0	0	0	0	0	1
278	1	1	0	0	0	0	0	1	1
279	5	3	0	0	0	0	0	1	1
280	2	1	0	0	0	0	0	0	2
281	1	0	0	0	1	1	0	1	2
282	1	0	1	0	0	0	0	0	1
283	1	2	0	0	0	0	0	1	2
284	1	2	0	0	0	1	0	0	0
285	1	1	0	0	0	0	0	1	1
286	5	4	0	0	0	0	0	0	1
287	1	0	0	0	0	0	0	1	1
288	2	1	0	0	0	0	0	1	0
289	4	3	0	0	0	0	0	0	0
290	1	0	2	1	1	0	0	1	1
291	1	1	0	0	0	0	0	0	0
292	1	1	0	0	0	0	0	0	2
293	4	1	0	0	0	0	0	1	3
294	1	2	0	0	0	0	0	1	3
295	1	0	0	0	0	0	0	1	1
296	1	1	0	0	0	0	0	0	1
297	3	1	0	0	0	1	0	0	0
298	1	0	0	0	0	0	0	1	0
299	1	2	0	0	0	0	0	1	2
300	1	0	0	1	0	0	0	0	0
301	3	4	0	0	0	0	0	1	2
302	2	4	0	0	0	0	2	1	2
303	2	0	1	0	0	0	0	0	1
304	1	0	0	0	0	0	0	0	1
305	0	0	0	0	0	1	0	1	1
306	2	1	0	0	0	0	0	0	0
307	3	1	0	0	0	0	0	1	2
308	1	0	0	0	0	0	0	0	0
309	0	1	0	0	1	0	0	0	2
310	1	1	0	0	0	1	0	0	0
311	2	1	0	0	0	0	0	1	2
312	1	1	0	0	0	1	0	0	0
313	2	2	0	0	0	0	0	0	1
314	4	2	0	0	0	0	0	0	0
315	1	1	0	0	0	0	1	0	0
316	1	2	0	0	0	0	0	1	0
317	1	0	0	1	0	0	0	0	1
318	1	1	0	0	0	1	0	0	0
319	1	0	0	0	0	0	0	0	1
320	0	0	0	0	0	0	0	0	0
321	0	0	0	0	0	0	0	1	2
322	1	0	0	0	0	0	0	0	0
323	1	0	0	0	0	0	0	0	0
324	2	3	0	0	0	0	0	0	0
325	0	1	0	0	0	0	0	1	2
326	0	0	0	0	1	3	0	0	0
327	1	2	1	0	0	0	0	0	1
328	1	1	0	0	0	1	0	0	0
329	1	2	0	0	0	0	1	0	0
330	2	0	0	0	0	0	0	1	2
331	0	0	0	0	0	0	0	1	2
332	2	2	0	0	0	0	0	0	0
333	1	0	0	0	0	0	1	0	0
334	3	1	0	0	0	0	0	0	1
335	1	0	0	0	0	0	0	0	2
336	1	2	0	0	0	0	0	3	3
337	1	1	0	0	0	0	0	1	1
338	3	1	0	0	0	0	0	1	1
339	1	1	0	0	0	0	0	0	0
340	1	2	0	0	0	0	0	0	2
341	2	1	0	0	0	1	0	0	0
342	2	2	0	0	0	0	0	1	2
343	1	0	0	0	0	0	0	1	1
344	0	1	0	0	0	0	0	0	0
345	0	0	0	0	0	0	0	1	1
346	3	0	0	0	0	0	0	0	0
347	4	1	0	0	0	0	0	1	3
348	0	0	0	0	0	0	0	0	0
349	1	1	0	0	0	0	0	1	1
350	6	6	0	0	0	0	1	0	2
351	1	0	0	0	0	1	0	1	1
352	1	1	1	0	0	0	0	0	0
353	1	0	0	0	0	0	0	0	0
354	1	2	0	0	0	0	0	0	0
355	0	0	0	0	0	0	0	1	2
356	0	1	1	0	0	0	0	1	1
357	2	4	0	0	0	0	1	1	1
358	1	0	0	0	0	0	0	1	2
359	2	2	0	0	0	0	0	1	2
360	0	0	0	0	0	0	0	0	1
361	0	0	0	0	0	0	0	0	1
362	2	1	0	0	0	0	0	1	3
363	0	0	0	0	0	0	0	0	1
364	2	0	0	0	0	0	0	1	1
365	4	1	0	0	0	0	0	0	2
366	0	0	0	0	0	0	0	1	1
367	1	2	0	0	0	0	0	0	0
368	2	0	0	0	0	0	0	1	2
369	2	0	0	0	0	0	0	1	1
370	1	3	0	0	0	0	0	0	0
371	1	1	0	0	0	1	0	0	0
372	0	0	0	0	0	0	0	1	0
373	0	0	0	0	0	1	0	0	0
374	1	0	0	0	0	0	0	1	1
375	2	1	1	1	0	0	1	1	1
376	1	0	0	0	0	0	0	0	0
377	0	1	0	0	0	0	0	0	2
378	1	0	0	0	0	0	0	1	2
379	0	2	0	0	0	0	0	0	0
380	4	1	0	0	0	0	0	0	0
381	1	2	0	0	0	0	0	1	1
382	0	0	0	0	0	0	0	1	2
383	2	3	0	0	0	0	0	1	1
384	1	0	0	0	0	0	0	0	1
385	1	0	0	0	0	0	0	0	0
386	2	0	0	0	0	0	0	1	1
387	2	1	0	1	0	1	1	1	2
388	2	1	0	0	0	0	0	1	1
389	1	1	0	0	0	0	0	0	2
390	3	5	0	0	0	1	2	1	2
391	0	0	0	0	0	1	0	0	0
392	0	1	1	0	0	0	0	1	1
393	2	1	0	1	0	1	0	1	1
394	5	2	0	0	0	0	0	2	1
395	1	4	1	0	0	0	0	0	0
396	1	0	0	0	0	1	1	1	2
397	1	0	2	1	1	1	0	1	1
398	0	0	0	0	0	0	0	1	2
399	1	0	0	0	1	3	0	0	0
400	4	2	1	0	0	0	0	1	2
401	1	0	0	0	0	0	0	0	0
402	2	1	0	0	0	0	0	2	6
403	2	0	0	0	0	0	1	1	4
404	3	4	1	0	0	0	0	0	1
405	2	1	1	0	0	0	0	1	2
406	1	3	0	0	0	0	0	1	2
407	3	2	0	0	0	0	0	1	0
408	1	0	0	0	0	0	0	1	1
409	2	0	1	0	0	0	0	1	1
410	4	1	0	0	1	2	0	2	1
411	1	1	0	0	0	0	0	1	1
412	1	1	0	0	0	0	2	3	6
413	1	0	1	1	0	0	0	1	3
414	1	1	0	1	0	0	1	1	2
415	1	1	0	0	0	0	0	0	1
416	3	2	0	0	0	0	0	0	0
417	1	1	0	0	0	0	0	0	2
418	1	1	0	0	0	0	0	1	1
419	1	0	0	0	0	0	0	0	2
420	2	2	0	0	0	0	0	1	1
421	0	0	0	0	0	1	1	1	2
422	0	1	0	0	0	0	0	0	1
423	2	2	0	0	0	0	0	1	1
424	1	1	0	0	0	0	1	0	0
425	1	1	0	0	0	0	0	0	0
426	1	0	0	0	0	0	0	0	1
427	2	0	0	0	0	0	0	0	0
428	0	0	0	0	0	1	0	0	1
429	3	0	0	0	0	0	0	0	0
430	2	0	1	0	0	0	0	0	0
431	2	0	0	0	0	0	0	1	2
432	3	1	0	0	0	0	0	1	2
433	1	1	0	0	0	1	2	0	0
434	2	3	0	0	0	1	1	1	4
435	2	0	1	1	1	1	0	1	2
436	1	2	0	0	0	1	0	0	0
437	2	1	0	0	0	0	0	1	3
438	1	0	0	0	0	0	0	0	0
439	0	0	1	0	0	0	0	1	3
440	4	4	0	0	0	0	0	0	3
441	2	1	0	0	0	0	0	0	0
442	1	0	0	0	0	0	0	0	0
443	2	2	1	1	1	0	1	1	1
444	1	2	1	0	0	0	0	0	0
445	1	0	0	0	0	0	0	1	4
446	1	2	0	0	0	0	0	0	0
447	2	0	1	1	1	0	0	3	4
448	2	0	0	0	0	0	0	0	0
449	3	1	0	0	0	0	0	2	0
450	3	3	0	0	0	0	2	0	0
451	4	1	0	0	0	1	0	0	2
452	3	6	0	0	0	0	1	0	1
453	1	0	0	0	0	0	2	0	1
454	0	0	0	0	0	0	0	1	1
455	0	0	0	0	0	0	0	1	1
456	1	0	0	0	0	0	0	0	0
457	1	0	1	0	0	0	0	2	1
458	1	0	0	0	0	0	0	0	0
459	1	0	1	2	1	0	0	2	2
460	2	1	0	0	1	3	0	1	1
461	1	0	0	0	0	0	0	1	1
462	2	2	0	0	0	0	0	0	0
463	1	0	0	0	0	0	0	2	2
464	0	0	0	0	0	0	0	0	0
465	1	3	0	0	0	0	0	0	3
466	1	1	0	0	0	0	0	0	0
467	1	3	0	0	0	0	0	1	1
468	1	2	1	0	0	0	0	0	0
469	1	1	0	0	0	0	0	1	1
470	4	3	1	0	0	0	0	0	1
471	0	2	0	0	0	0	0	1	2
472	4	1	0	0	0	0	0	0	0
473	1	0	0	0	0	0	0	1	2
474	0	1	0	0	0	1	0	0	1
475	1	0	1	0	0	0	0	1	1
476	3	2	0	0	0	0	0	1	1
477	2	1	0	0	0	0	5	1	2
478	2	0	0	0	0	0	0	1	2
479	1	0	0	0	0	0	0	2	3
480	0	0	0	0	0	0	0	0	0
481	2	0	0	0	0	0	0	0	2
482	1	0	0	0	0	0	0	1	2
483	1	1	0	0	0	0	0	0	1
484	1	2	1	0	0	0	0	1	1
485	2	2	0	0	0	0	0	1	2
486	3	2	0	0	0	0	0	1	1
487	1	1	1	0	0	1	0	1	1
488	1	0	0	0	0	0	0	1	2
489	1	2	0	0	0	1	1	1	1
490	1	0	0	0	0	1	0	1	1
491	1	3	0	0	0	0	0	2	3
492	4	2	0	0	0	0	0	1	3
493	1	0	0	0	0	1	0	2	0
494	2	1	0	0	0	0	0	0	0
495	2	3	1	0	0	0	0	1	1
496	1	1	0	0	0	1	2	1	2
497	1	2	0	0	0	0	0	0	3
498	6	4	0	1	0	0	0	1	1
499	4	3	0	0	0	0	1	0	0
500	1	0	0	0	0	0	0	0	0
501	0	1	0	0	0	0	0	1	2
502	0	0	0	0	0	0	0	1	1
503	2	2	0	0	0	0	0	1	2
504	1	0	0	0	0	1	0	1	1
505	1	1	0	0	0	0	0	1	1
506	1	0	0	0	0	1	0	1	2
507	1	0	2	1	2	0	0	1	1
508	0	0	0	0	0	0	0	1	3
509	1	2	0	0	0	0	0	0	0
510	1	0	0	0	0	0	0	2	3
511	1	2	0	0	0	0	0	0	0
512	1	0	0	0	0	0	0	0	1
513	1	0	0	0	0	0	0	1	1
514	1	2	0	0	0	1	0	0	1
515	1	1	0	0	0	0	0	0	0
516	1	1	0	0	0	0	1	2	1
517	3	2	0	0	0	1	0	1	1
518	0	0	0	0	0	0	0	1	4
519	1	3	0	0	0	0	0	1	2
520	2	1	0	0	0	0	0	1	2
521	1	0	0	0	0	0	0	0	0
522	3	0	0	0	0	0	0	0	0
523	1	2	0	0	0	0	1	0	0
524	3	0	0	0	0	0	1	0	0
525	2	0	3	1	1	1	0	0	0
526	0	0	0	0	1	2	1	0	0
527	0	1	0	0	0	0	0	1	1
528	0	2	1	0	0	0	0	1	2
529	1	0	0	0	0	0	0	0	0
530	1	0	1	0	0	0	1	1	2
531	2	1	0	0	0	0	3	1	1
532	1	1	1	0	0	0	0	0	1
533	2	1	2	1	1	0	0	1	0
534	1	0	0	0	0	0	1	1	4
535	1	0	0	0	0	0	0	0	0
536	4	1	0	0	0	1	0	1	0
537	0	0	0	0	0	0	0	0	0
538	4	3	0	0	0	0	0	2	2
539	1	1	0	0	0	0	0	1	2
540	1	0	0	0	0	0	0	0	0
541	1	0	0	0	0	0	0	1	1
542	1	0	0	0	0	0	0	1	1
543	1	0	0	0	0	0	0	1	2
544	1	0	0	0	0	1	0	1	1
545	2	2	0	0	0	0	1	1	1
546	1	0	0	0	0	0	0	0	1
547	0	2	0	0	0	0	0	1	2
548	4	3	0	0	0	0	0	1	2
549	1	1	1	1	0	0	0	0	0
550	1	0	0	0	0	0	0	0	0
551	0	0	0	0	0	1	0	1	2
552	1	1	3	2	1	0	0	0	1
553	2	0	2	2	2	0	0	1	1
554	1	0	0	0	0	0	0	1	2
555	0	0	0	0	0	0	0	1	2
556	2	1	0	0	0	0	3	1	1
557	1	0	0	0	0	0	0	0	1
558	3	2	0	1	0	0	1	1	1
559	2	2	1	0	0	0	0	1	1
560	1	2	0	0	0	0	0	0	1
561	3	3	0	0	0	0	0	0	2
562	1	0	0	0	0	0	2	0	0
563	1	0	0	0	0	0	0	1	2
564	1	4	3	1	1	0	0	1	3
565	2	1	0	0	0	1	1	1	0
566	1	2	0	0	0	0	0	0	0
567	1	0	1	0	0	0	0	1	1
568	2	1	0	0	0	0	0	1	1
569	1	1	1	0	0	0	0	0	0
570	0	1	1	0	0	0	0	1	5
571	4	7	0	0	0	0	0	1	1
572	2	0	0	0	0	0	0	1	4
573	3	1	0	0	0	0	0	1	1
574	3	1	0	0	0	0	0	1	1
575	1	1	0	0	0	0	0	0	0
576	2	0	0	0	0	0	0	0	2
577	2	2	0	0	0	0	0	1	0
578	3	1	0	0	0	1	0	2	2
579	1	2	0	0	0	0	0	1	1
580	0	0	0	0	0	0	0	0	1
581	0	1	0	0	0	1	0	0	0
582	2	0	0	0	0	0	0	0	0
583	1	1	0	0	0	0	0	1	4
584	3	1	0	0	0	0	0	0	1
585	1	3	1	0	0	0	0	0	3
586	1	0	0	0	0	0	0	0	0
587	4	1	0	0	0	0	0	0	0
588	0	0	0	0	0	0	0	1	2
589	1	1	0	0	0	0	0	0	1
590	3	1	2	1	1	1	0	3	2
591	3	2	0	0	0	0	0	0	1
592	1	7	1	0	0	0	0	0	0
593	2	0	0	0	0	0	0	0	0
594	2	1	1	0	0	0	0	1	6
595	1	1	0	0	0	0	0	1	3
596	1	0	0	0	0	0	0	0	1
597	0	0	0	0	0	0	0	0	1
598	3	2	0	0	0	0	0	1	2
599	2	1	0	0	0	0	0	0	0
600	0	0	0	0	0	0	0	0	0
601	1	1	0	0	0	0	2	2	3
602	1	0	1	0	0	0	0	1	1
603	1	0	0	0	0	0	0	0	1
604	1	0	0	0	0	0	0	1	1
605	2	1	0	0	0	0	0	1	3
606	2	1	0	0	0	0	0	1	1
607	2	2	0	0	0	0	0	1	2
608	2	3	0	0	0	0	0	1	0
609	5	2	0	0	0	0	0	2	1
610	3	1	0	0	0	0	0	0	0
611	1	1	0	0	0	0	0	0	0
612	1	0	0	0	0	0	0	0	0
613	1	2	0	0	0	0	0	0	1
614	2	0	0	0	0	0	0	0	0
615	2	2	0	0	0	1	0	1	2
616	2	3	0	0	0	0	0	1	1
617	1	1	0	0	0	0	0	0	0
618	2	1	0	0	0	0	0	1	1
619	1	1	0	0	0	1	0	1	1
620	1	0	0	0	0	1	0	0	0
621	1	2	0	0	0	0	0	1	1
622	1	0	0	0	0	0	0	0	0
623	1	0	0	0	0	0	0	1	1
624	1	0	0	0	0	0	0	1	1
625	1	0	1	0	0	0	1	0	1
626	0	1	1	0	0	0	0	1	1
627	0	0	2	1	1	0	0	0	0
628	3	3	0	0	0	0	0	0	1
629	1	0	0	0	0	0	0	0	0
630	1	2	1	0	0	0	0	0	0
631	1	1	0	1	1	4	0	0	0
632	2	0	0	0	0	0	0	0	0
633	0	0	2	1	1	0	0	2	2
634	2	4	0	0	0	0	0	1	2
635	5	1	0	0	0	0	0	0	2
636	1	0	0	0	0	1	0	1	1
637	1	2	0	0	0	0	0	1	1
638	0	0	0	0	0	0	0	0	1
639	3	1	0	0	0	0	0	1	1
640	1	1	0	0	0	0	0	1	1
641	3	3	0	0	0	0	0	0	0
642	3	0	0	0	0	0	0	1	0
643	1	0	0	0	0	0	0	0	2
644	1	0	0	0	0	1	0	1	1
645	2	0	0	0	0	0	0	1	0
646	2	0	0	1	0	0	0	0	0
647	3	2	0	0	0	0	0	0	0
648	1	0	0	0	0	0	0	0	0
649	1	1	0	0	0	0	0	1	1
650	4	2	0	1	0	1	0	1	1
651	3	1	0	0	0	1	0	1	3
652	3	1	0	1	0	1	0	0	0
653	1	0	0	0	0	1	0	1	2
654	1	0	0	0	0	0	0	0	0
655	5	3	0	0	0	0	3	0	0
656	2	4	0	0	0	0	0	0	0
657	2	0	0	0	0	0	0	2	2
658	0	1	0	0	0	0	0	1	2
659	1	0	0	0	0	1	0	1	3
660	1	0	0	0	0	0	0	0	0
661	0	0	0	0	0	0	1	0	0
662	1	0	0	0	0	0	0	0	1
663	1	0	0	0	0	0	0	1	1
664	2	1	0	0	0	0	0	1	2
665	0	0	0	0	0	1	0	0	0
666	1	3	0	0	0	1	2	0	0
667	2	1	0	0	0	1	0	1	3
668	1	0	1	0	0	0	0	0	0
669	3	1	1	1	0	1	0	0	1
670	3	1	1	0	0	0	0	1	3
671	4	2	1	0	0	0	0	0	0
672	0	1	0	0	0	0	0	1	1
673	1	4	0	0	0	0	0	0	0
674	1	1	0	0	0	0	0	0	0
675	1	1	0	0	0	0	0	0	0
676	2	1	0	0	0	0	0	0	0
677	4	1	0	0	0	0	0	1	1
678	1	0	1	1	1	3	0	0	1
679	2	2	0	0	0	0	0	1	3
680	1	0	0	0	0	0	0	1	1
681	1	0	0	0	0	0	0	0	0
682	1	0	0	0	0	0	0	1	5
683	1	2	0	0	0	0	0	1	2
684	2	4	0	0	0	1	0	0	0
685	3	2	0	0	0	0	0	0	0
686	1	0	0	0	0	0	0	0	1
687	4	1	0	0	0	1	0	0	1
688	3	3	0	0	0	0	0	1	1
689	1	0	0	0	0	0	0	0	0
690	0	0	0	0	0	1	0	1	1
691	1	2	0	0	0	0	0	0	1
692	1	0	0	0	0	0	1	0	0
693	1	0	0	0	0	0	0	1	1
694	2	2	0	0	0	1	0	1	2
695	1	1	1	0	0	0	0	0	0
696	1	0	0	0	0	0	0	2	2
697	1	1	0	0	0	0	0	0	0
698	2	4	0	0	0	0	0	0	1
699	1	1	0	0	0	0	0	1	1
700	2	1	0	0	0	0	0	0	0
701	3	1	0	0	0	0	0	0	0
702	3	2	0	0	0	0	0	1	6
703	1	0	0	0	0	1	0	1	3
704	2	1	0	0	0	0	0	1	2
705	0	0	1	0	0	0	2	0	0
706	1	0	0	0	0	0	0	1	1
707	1	0	0	0	0	1	0	0	3
708	3	1	0	0	0	0	0	0	1
709	1	1	0	0	0	0	0	0	0
710	1	2	0	0	1	2	0	1	1
711	1	2	1	0	0	0	0	1	1
712	1	1	0	0	0	0	0	1	1
713	1	1	1	0	0	0	0	1	2
714	1	0	0	0	0	0	0	1	1
715	1	1	0	0	0	0	0	1	1
716	1	0	0	0	0	1	0	0	0
717	1	4	0	0	0	0	0	0	1
718	6	4	0	0	0	0	3	1	1
719	2	1	0	0	0	0	0	1	2
720	2	0	0	0	0	0	0	0	1
721	3	1	0	0	0	0	0	0	2
722	1	2	0	0	0	1	0	0	0
723	2	3	0	0	0	0	0	1	4
724	1	0	0	0	0	0	0	0	0
725	1	2	0	0	0	1	0	0	0
726	1	1	1	0	0	0	0	0	0
727	0	0	0	0	0	0	4	0	1
728	1	0	0	0	0	0	0	2	3
729	2	2	0	0	0	1	0	0	1
730	1	0	1	1	1	0	0	1	0
731	2	0	0	0	0	0	0	1	1
732	0	0	0	0	1	2	0	1	3
733	1	1	0	0	0	0	0	0	2
734	1	1	0	0	0	1	0	1	1
735	3	1	0	0	0	0	0	1	2
736	3	1	0	0	0	0	0	1	1
737	3	3	0	0	0	1	0	1	2
738	4	2	0	0	0	1	0	0	0
739	2	0	0	0	0	0	0	1	1
740	1	0	0	0	0	0	0	1	1
741	2	2	0	0	0	0	5	0	1
742	3	1	0	0	0	0	0	0	0
743	1	0	1	0	0	0	1	0	0
744	5	3	0	0	0	1	0	0	0
745	1	1	0	0	0	0	0	1	2
746	2	3	3	2	1	1	1	1	1
747	0	0	0	0	0	1	0	1	2
748	2	2	0	0	0	0	0	1	2
749	1	0	0	0	0	0	0	1	1
750	1	3	0	0	0	0	0	1	1
751	1	3	0	0	0	0	0	0	2
752	1	0	0	0	0	0	0	1	1
753	1	0	0	0	0	0	0	1	3
754	1	0	0	0	1	1	0	1	2
755	2	0	0	0	0	0	1	1	3
756	1	1	0	0	0	0	0	1	3
757	5	4	0	0	0	0	0	0	1
758	1	0	1	0	0	0	0	0	0
759	1	0	0	0	0	0	0	0	0
760	1	0	0	1	0	1	0	0	0
761	1	0	0	0	0	0	0	0	0
762	4	1	0	0	0	0	0	0	0
763	0	0	0	0	0	0	0	0	1
764	2	1	1	1	1	0	0	0	1
765	2	1	0	0	0	0	0	0	0
766	1	2	0	0	0	0	0	1	3
767	3	2	0	0	0	0	0	0	0
768	1	0	0	0	0	0	0	0	1
769	1	5	0	0	0	0	1	0	1
770	3	2	0	0	0	0	0	0	0
771	4	1	0	0	0	0	0	0	1
772	1	0	0	0	0	0	2	0	0
773	2	0	0	0	0	0	0	1	2
774	1	0	0	0	0	0	0	0	0
775	1	0	0	0	0	0	0	0	1
776	1	0	0	0	0	0	0	0	0
777	2	2	0	0	0	0	1	1	1
778	0	0	0	0	0	1	0	1	1
779	2	1	1	1	0	0	0	0	1
780	0	0	0	1	0	0	0	1	2
781	1	0	0	0	0	0	0	1	1
782	0	3	0	0	0	0	0	0	1
783	1	1	0	0	0	0	0	1	1
784	1	0	0	0	0	0	0	1	2
785	1	0	0	0	0	0	0	1	1
786	1	0	0	0	0	0	0	2	1
787	1	0	0	0	0	0	0	0	1
788	1	2	0	0	0	0	0	1	2
789	1	0	0	0	1	3	0	0	0
790	1	0	0	0	0	0	0	0	0
791	1	1	0	0	0	1	0	2	1
792	1	3	0	0	0	0	0	1	1
793	2	1	0	0	0	0	0	0	0
794	1	0	2	1	1	0	0	0	0
795	0	0	1	0	0	0	0	0	0
796	1	0	0	0	0	0	0	1	3
797	1	0	0	0	0	0	0	0	2
798	6	5	0	0	0	0	0	1	2
799	0	0	1	0	0	0	0	0	0
800	3	9	0	0	0	0	0	1	3
801	1	0	0	0	0	0	0	0	0
802	1	2	0	0	0	0	0	0	1
803	4	3	0	0	0	0	0	1	2
804	1	1	0	0	0	1	0	0	1
805	3	1	0	0	0	1	0	0	0
806	2	3	0	0	0	0	0	1	1
807	0	1	0	0	0	1	0	1	2
808	2	2	0	0	0	0	0	0	0
809	2	1	0	0	0	1	0	0	0
810	2	3	0	0	0	1	0	1	3
811	4	3	0	0	0	0	0	2	4
812	1	0	0	0	0	0	0	1	1
813	2	3	0	0	0	0	0	1	1
814	2	1	1	0	0	0	0	2	2
815	1	1	0	0	0	0	0	0	1
816	1	2	0	0	0	1	0	1	1
817	1	1	0	0	0	0	0	1	6
818	1	1	0	0	0	0	1	0	1
819	3	3	0	0	0	0	0	0	1
820	0	1	3	0	1	0	0	1	1
821	7	6	0	0	0	0	0	1	1
822	4	2	0	0	0	0	0	1	2
823	2	1	0	1	0	0	0	0	0
824	2	2	0	0	0	0	0	0	0
825	1	3	1	0	0	0	0	1	1
826	1	0	0	0	0	0	0	0	0
827	2	0	0	0	0	0	0	0	0
828	2	2	0	0	0	0	0	0	0
829	3	2	0	0	0	0	0	1	2
830	2	2	0	0	0	0	0	2	2
831	2	2	0	0	0	0	0	0	0
832	3	1	0	0	0	1	0	0	0
833	0	0	0	0	0	0	0	1	3
834	2	0	0	0	0	0	0	0	0
835	1	3	3	1	1	1	0	0	0
836	0	0	0	0	0	0	1	1	1
837	1	1	0	0	0	0	2	0	0
838	0	2	0	0	0	0	0	0	0
839	2	0	0	0	0	0	0	0	0
840	1	0	0	0	0	0	0	1	1
841	4	1	0	0	0	0	0	0	0
842	1	0	0	0	0	0	0	0	0
843	1	1	0	0	0	1	0	1	1
844	3	2	1	0	0	0	0	0	0
845	1	1	0	0	0	0	0	0	0
846	0	1	1	0	0	0	0	0	2
847	1	0	0	1	1	3	0	0	5
848	3	2	0	0	0	1	0	1	2
849	0	0	0	0	0	1	1	2	2
850	3	3	0	0	0	0	1	0	0
851	1	0	0	0	1	2	2	1	2
852	1	1	0	0	0	1	0	0	1
853	1	1	0	0	0	0	0	1	3
854	1	1	0	0	0	0	0	0	0
855	3	1	0	0	0	0	0	1	3
856	2	1	0	0	0	0	0	1	0
857	2	3	0	0	0	0	0	1	2
858	1	0	0	0	0	1	0	1	2
859	3	6	0	0	0	0	0	0	1
860	2	0	1	0	0	0	0	0	0
861	1	2	0	0	0	0	0	1	2
862	5	5	0	0	0	0	0	2	1
863	1	1	0	0	0	0	0	0	1
864	1	0	0	0	0	0	0	1	1
865	1	0	0	0	0	0	0	0	0
866	0	1	0	0	0	0	0	1	1
867	1	3	0	0	0	0	0	1	3
868	1	0	2	1	1	1	0	0	0
869	1	1	0	0	0	0	0	1	1
870	1	1	0	0	0	0	0	1	2
871	4	1	0	0	0	1	0	1	2
872	4	2	0	0	0	1	0	1	2
873	1	1	0	0	0	0	0	1	5
874	1	1	0	0	0	0	0	1	2
875	3	2	0	0	0	0	0	0	0
876	1	1	0	0	0	0	0	0	0
877	2	0	0	0	0	0	0	1	1
878	1	0	0	0	0	0	0	0	2
879	1	0	0	0	0	0	0	0	1
880	1	1	0	0	0	0	0	1	1
881	2	1	0	0	0	0	0	0	1
882	2	2	0	0	0	1	0	1	1
883	2	2	0	0	0	0	0	1	2
884	2	1	0	0	0	0	2	1	2
885	3	0	0	0	0	0	0	0	2
886	1	0	0	0	0	1	0	0	0
887	3	1	0	0	0	0	0	0	0
888	1	0	0	0	0	0	0	0	0
889	4	5	2	2	1	1	0	0	0
890	1	0	0	0	0	0	0	1	1
891	2	0	0	0	0	0	0	0	0
892	2	2	0	0	1	2	0	1	2
893	1	0	0	0	0	1	0	0	0
894	2	1	3	0	1	0	0	0	1
895	1	1	0	0	0	0	0	1	3
896	1	1	1	0	0	0	0	1	2
897	1	1	0	0	0	0	2	0	1
898	0	0	0	0	0	0	0	1	1
899	3	3	1	0	0	0	0	1	3
900	1	0	0	1	0	0	1	1	1
901	2	1	0	0	0	0	1	0	0
902	1	0	2	1	1	1	0	0	0
903	1	1	0	0	0	0	0	0	1
904	1	0	0	0	0	0	0	0	0
905	3	2	0	0	0	0	0	0	0
906	4	3	0	0	0	0	0	1	0
907	1	0	0	0	0	0	0	1	3
908	1	0	0	0	0	0	2	0	0
909	1	2	1	0	0	0	0	1	1
910	1	2	0	0	0	0	0	1	1
911	1	0	0	0	0	0	0	0	0
912	2	0	0	0	0	0	0	0	0
913	1	0	0	0	0	0	0	1	3
914	2	2	0	0	0	0	0	2	3
915	1	1	0	0	0	0	1	0	0
916	3	4	0	0	0	0	0	1	2
917	1	0	0	0	0	0	0	1	1
918	0	2	1	0	0	0	0	1	1
919	1	0	0	0	0	0	0	0	0
920	0	0	0	0	0	0	0	1	1
921	1	3	0	0	0	0	0	0	1
922	4	2	1	0	0	0	0	0	0
923	1	2	0	0	0	0	0	1	1
924	2	5	1	0	1	3	0	0	1
925	2	3	0	0	0	0	0	1	2
926	0	0	0	0	0	0	1	0	0
927	0	0	0	0	0	0	0	1	0
928	3	2	1	1	0	0	0	1	2
929	1	3	0	0	0	0	2	0	0
930	0	1	0	0	0	1	0	0	2
931	4	1	0	0	0	0	0	1	4
932	2	0	0	0	0	0	0	0	0
933	1	2	0	0	0	0	0	1	1
934	5	2	1	1	0	0	0	0	0
935	0	1	1	0	0	0	0	0	0
936	1	0	0	0	0	0	0	1	1
937	3	1	0	0	0	0	0	0	0
938	5	2	0	0	0	0	0	0	1
939	1	0	1	0	0	0	0	1	1
940	1	0	0	0	0	0	1	2	3
941	1	0	0	0	0	0	0	1	2
942	0	0	0	0	0	0	0	1	2
943	1	2	0	0	0	0	1	1	1
944	1	2	0	0	0	1	1	1	1
945	2	1	0	0	0	0	1	0	1
946	1	1	0	0	0	0	0	1	1
947	4	2	0	0	0	0	0	0	1
948	3	5	0	0	0	1	0	1	2
949	2	1	0	0	0	0	0	0	0
950	0	0	2	1	0	2	1	1	1
951	0	0	0	1	0	1	0	0	1
952	1	2	0	0	1	3	0	0	1
953	3	1	0	0	0	0	0	0	0
954	1	0	0	0	0	0	0	2	6
955	1	2	0	0	0	0	0	0	0
956	1	1	1	0	1	2	0	1	3
957	2	1	0	0	0	0	0	1	2
958	2	1	0	0	0	1	0	0	1
959	1	0	0	0	0	1	0	0	0
960	1	1	0	0	0	1	0	1	2
961	1	0	0	0	0	0	0	0	0
962	3	1	0	0	0	1	1	0	1
963	1	1	3	2	1	1	0	1	1
964	1	0	0	0	0	0	0	1	1
965	3	1	1	0	1	2	0	0	0
966	1	1	0	0	0	0	0	0	0
967	1	1	2	1	1	0	0	0	0
968	1	0	0	0	0	1	0	1	3
969	1	0	0	0	0	0	0	2	3
970	2	1	0	0	0	1	0	1	2
971	1	0	1	0	0	0	0	0	0
972	1	1	0	0	0	1	0	2	4
973	1	2	0	0	0	0	0	0	1
974	0	0	0	0	0	1	0	0	1
975	0	1	0	0	0	1	0	0	1
976	4	1	0	0	0	0	0	1	1
977	1	2	0	0	0	0	0	0	1
978	0	0	0	0	0	0	0	0	1
979	1	0	0	0	0	0	0	1	3
980	0	1	0	0	0	1	0	0	0
981	1	1	0	0	0	0	0	0	0
982	2	2	3	1	1	0	0	1	1
983	0	0	0	0	0	0	0	0	0
984	2	0	0	0	0	1	0	0	0
985	1	0	0	0	0	0	0	0	0
986	2	0	0	0	0	0	0	1	2
987	1	1	1	0	0	0	0	1	1
988	4	1	0	0	0	0	2	1	1
989	0	0	1	0	0	0	1	3	2
990	1	1	1	0	0	0	0	1	2
991	2	3	1	1	1	1	0	1	1
992	1	0	0	0	1	3	0	1	1
993	4	3	0	1	0	0	0	1	1
994	3	4	0	0	0	0	0	1	1
995	2	1	0	0	0	0	0	1	2
996	1	1	0	0	0	0	0	0	1
997	4	1	0	0	0	0	0	1	1
998	0	0	0	0	0	0	0	0	0
999	1	0	0	0	0	0	0	2	4
1000	2	2	0	0	0	0	0	0	1
