A->A,A	B->B,B	C->C,C
1	68	36	54
2	68	39	51
3	70	35	55
4	66	37	55
5	71	35	51
6	67	41	53
7	71	36	52
8	68	39	49
9	70	36	51
10	68	36	55
11	69	38	53
12	71	36	50
13	67	39	53
14	70	36	52
15	70	37	53
16	69	38	53
17	70	38	53
18	69	39	53
19	66	35	54
20	66	35	51
21	67	37	55
22	70	36	53
23	69	36	50
24	71	36	54
25	65	40	54
26	70	35	54
27	74	29	56
28	71	36	54
29	73	36	52
30	66	39	55
31	70	33	52
32	74	33	55
33	66	37	54
34	69	38	52
35	67	39	54
36	67	38	53
37	69	39	53
38	70	35	52
39	70	37	53
40	70	36	54
41	72	35	54
42	68	38	54
43	66	38	52
44	71	37	52
45	68	39	55
46	66	38	53
47	72	34	53
48	67	38	55
49	68	38	54
50	72	35	53
51	67	41	52
52	67	39	55
53	75	32	55
54	72	37	53
55	70	33	52
56	69	39	54
57	69	38	50
58	70	37	54
59	69	39	54
60	70	38	52
61	67	37	55
62	69	35	53
63	72	37	55
64	67	39	54
65	72	35	51
66	69	37	53
67	71	37	52
68	65	40	54
69	74	28	53
70	68	35	54
71	71	37	54
72	64	40	54
73	72	35	52
74	69	39	50
75	69	36	54
76	69	35	53
77	74	33	52
78	71	35	54
79	68	38	53
80	73	35	47
81	65	41	49
82	68	40	55
83	69	37	55
84	68	40	54
85	70	38	53
86	65	40	52
87	70	38	53
88	65	41	55
89	70	38	54
90	67	40	51
91	65	38	51
92	69	40	50
93	69	39	55
94	70	38	55
95	69	38	54
96	69	39	51
97	68	36	53
98	67	38	53
99	67	38	52
100	69	39	55
101	67	36	54
102	70	38	55
103	66	38	54
104	68	39	55
105	67	36	55
106	68	37	54
107	66	39	54
108	69	38	51
109	74	34	54
110	67	39	55
111	73	34	54
112	68	39	52
113	69	35	53
114	66	35	52
115	71	36	53
116	65	36	54
117	67	36	52
118	70	39	53
119	67	40	53
120	68	35	53
121	65	43	53
122	66	41	52
123	69	39	53
124	71	34	54
125	73	35	54
126	70	36	51
127	64	37	53
128	69	38	53
129	69	39	54
130	72	35	55
131	68	39	54
132	68	37	53
133	71	38	51
134	68	37	55
135	65	38	52
136	69	37	51
137	69	36	53
138	70	34	53
139	67	37	54
140	71	38	53
141	68	37	53
142	70	37	55
143	71	38	53
144	63	39	52
145	71	36	51
146	65	39	55
147	71	36	52
148	71	34	53
149	73	33	52
150	67	38	55
151	69	39	55
152	71	35	53
153	68	39	51
154	67	40	52
155	69	36	55
156	68	33	50
157	73	34	52
158	67	37	53
159	67	40	54
160	67	39	55
161	71	38	53
162	65	40	54
163	68	40	54
164	67	37	53
165	69	40	54
166	70	33	55
167	69	36	53
168	70	38	53
169	70	39	49
170	71	38	53
171	67	40	55
172	66	38	51
173	70	39	54
174	70	35	52
175	72	34	54
176	70	37	52
177	68	37	54
178	68	39	52
179	70	38	52
180	67	39	54
181	71	34	54
182	73	33	52
183	67	39	55
184	69	39	54
185	68	40	54
186	71	33	52
187	68	38	53
188	66	41	51
189	70	37	53
190	69	38	52
191	70	38	53
192	74	34	53
193	68	41	52
194	67	40	53
195	72	34	50
196	71	37	54
197	69	37	55
198	72	35	51
199	71	37	53
200	69	38	54
201	70	39	53
202	69	36	54
203	71	36	55
204	70	38	55
205	72	36	52
206	70	38	51
207	67	38	55
208	71	35	53
209	69	38	53
210	68	39	54
211	68	39	54
212	65	41	52
213	69	37	55
214	75	33	53
215	66	39	53
216	70	37	50
217	70	38	53
218	73	32	55
219	71	37	55
220	69	35	53
221	67	37	55
222	72	36	53
223	70	39	48
224	69	34	53
225	71	36	53
226	73	33	53
227	65	37	54
228	72	35	54
229	70	37	52
230	71	37	55
231	69	37	55
232	67	40	50
233	71	37	51
234	67	39	53
235	70	36	54
236	68	38	54
237	72	33	51
238	73	34	53
239	69	41	52
240	72	32	53
241	65	37	54
242	69	33	54
243	66	36	51
244	67	38	55
245	69	37	52
246	69	38	54
247	69	38	53
248	67	35	52
249	69	39	54
250	71	33	52
251	71	36	53
252	71	36	52
253	69	38	55
254	71	37	55
255	65	39	53
256	67	38	54
257	69	37	52
258	67	37	51
259	68	40	54
260	68	38	53
261	70	39	53
262	69	35	52
263	75	30	54
264	71	38	52
265	70	35	52
266	70	36	53
267	70	37	51
268	70	38	52
269	70	38	54
270	69	38	54
271	70	36	46
272	71	36	50
273	71	35	51
274	66	38	55
275	70	37	54
276	68	39	53
277	70	39	52
278	71	35	54
279	67	36	53
280	70	37	53
281	67	39	52
282	69	38	53
283	72	36	52
284	69	37	55
285	67	39	54
286	67	34	52
287	70	37	54
288	70	37	53
289	66	37	53
290	68	39	54
291	69	36	55
292	70	37	52
293	67	40	51
294	71	36	52
295	70	38	54
296	74	34	54
297	67	36	55
298	67	40	55
299	75	33	53
300	71	37	55
301	69	36	53
302	71	34	51
303	70	39	52
304	69	39	54
305	71	36	54
306	69	39	55
307	69	39	53
308	70	38	55
309	69	36	53
310	70	37	55
311	69	38	52
312	67	40	53
313	73	33	51
314	67	41	51
315	72	33	54
316	73	31	55
317	69	40	52
318	68	38	54
319	67	41	54
320	66	41	55
321	70	38	50
322	68	40	55
323	71	37	55
324	73	33	55
325	68	40	53
326	72	32	55
327	73	34	53
328	70	37	54
329	72	33	54
330	70	37	53
331	73	35	53
332	67	37	55
333	74	34	53
334	66	39	53
335	70	39	52
336	72	35	50
337	72	36	54
338	66	38	52
339	71	35	55
340	73	34	53
341	69	38	55
342	67	39	53
343	68	40	54
344	70	37	53
345	68	40	52
346	66	41	53
347	67	39	52
348	73	36	55
349	68	39	53
350	68	35	52
351	69	39	54
352	71	36	54
353	71	38	51
354	73	34	55
355	68	40	50
356	69	36	54
357	69	36	53
358	69	38	53
359	68	39	51
360	70	38	54
361	70	38	54
362	72	34	51
363	68	41	54
364	69	38	52
365	67	40	53
366	68	39	54
367	70	38	55
368	68	39	53
369	69	39	54
370	70	37	52
371	69	39	53
372	75	33	55
373	72	34	55
374	70	38	54
375	67	39	53
376	71	35	55
377	71	36	52
378	72	35	51
379	70	35	53
380	66	40	55
381	74	32	53
382	68	38	53
383	68	38	54
384	69	39	54
385	70	38	55
386	69	38	54
387	67	37	52
388	69	38	54
389	71	36	53
390	70	32	51
391	73	34	55
392	71	36	53
393	69	37	54
394	65	37	54
395	71	34	55
396	70	37	52
397	68	38	54
398	74	34	53
399	68	35	55
400	67	36	53
401	70	39	55
402	71	37	49
403	71	38	49
404	70	34	54
405	68	39	53
406	72	33	53
407	72	33	53
408	70	38	54
409	69	37	53
410	65	39	54
411	71	38	54
412	69	37	46
413	68	39	51
414	74	32	52
415	68	40	54
416	68	39	54
417	74	36	51
418	71	36	54
419	69	38	53
420	69	36	54
421	70	35	50
422	73	34	51
423	66	40	52
424	71	38	53
425	69	38	55
426	70	38	54
427	68	39	54
428	67	41	53
429	71	37	55
430	67	40	54
431	69	39	51
432	66	39	52
433	71	35	52
434	71	34	50
435	65	39	53
436	70	37	53
437	69	39	52
438	66	41	54
439	71	37	51
440	68	34	51
441	69	37	53
442	70	38	53
443	67	37	52
444	68	37	55
445	70	39	51
446	73	33	55
447	66	39	50
448	70	36	54
449	67	36	55
450	68	38	52
451	66	39	52
452	69	35	53
453	70	36	52
454	70	39	52
455	73	36	54
456	69	38	55
457	68	38	54
458	72	36	55
459	65	40	53
460	66	38	54
461	72	37	53
462	68	37	55
463	67	40	52
464	68	40	55
465	70	36	51
466	70	38	54
467	73	34	53
468	72	34	53
469	70	37	54
470	66	38	53
471	71	36	53
472	69	37	54
473	68	40	51
474	70	38	52
475	68	39	54
476	70	34	54
477	69	39	47
478	70	36	53
479	71	35	52
480	70	39	54
481	70	38	53
482	72	35	53
483	72	36	53
484	68	36	54
485	69	36	53
486	66	38	53
487	68	38	53
488	71	38	51
489	72	34	53
490	69	38	54
491	69	37	52
492	67	37	50
493	65	38	54
494	67	41	52
495	72	34	54
496	69	37	51
497	72	35	49
498	67	34	54
499	70	34	51
500	69	39	55
501	70	38	51
502	70	37	54
503	69	37	53
504	68	39	53
505	70	38	53
506	70	37	52
507	67	38	54
508	70	38	52
509	72	35	55
510	68	39	51
511	71	37	53
512	71	38	51
513	69	40	54
514	73	33	53
515	72	33	56
516	68	37	53
517	65	39	52
518	69	39	48
519	73	32	53
520	66	40	52
521	69	40	55
522	70	37	55
523	70	37	54
524	67	40	54
525	66	37	54
526	68	38	55
527	74	34	54
528	72	34	52
529	72	35	54
530	68	37	52
531	71	37	51
532	70	36	53
533	66	39	54
534	71	38	50
535	70	38	55
536	68	34	54
537	64	43	55
538	66	38	52
539	70	37	51
540	70	38	55
541	73	33	54
542	70	39	54
543	71	38	53
544	68	40	53
545	66	39	53
546	72	38	52
547	70	37	53
548	71	33	53
549	72	34	55
550	70	40	53
551	70	38	53
552	67	38	52
553	66	38	54
554	70	35	53
555	71	37	53
556	69	36	49
557	73	37	53
558	66	39	53
559	67	38	54
560	75	33	54
561	71	33	52
562	70	36	52
563	70	37	53
564	66	36	51
565	66	37	54
566	74	33	55
567	68	40	54
568	70	37	54
569	69	39	55
570	72	37	49
571	66	36	52
572	68	40	51
573	67	39	54
574	67	37	54
575	69	41	53
576	69	38	52
577	71	36	53
578	69	37	51
579	71	37	54
580	71	38	53
581	69	39	55
582	72	35	55
583	73	35	51
584	69	37	53
585	71	36	49
586	69	39	55
587	69	39	53
588	71	38	52
589	67	39	53
590	68	35	52
591	69	37	52
592	72	29	55
593	71	37	55
594	67	38	48
595	71	36	52
596	68	40	54
597	70	36	54
598	69	37	53
599	67	41	52
600	67	40	55
601	71	37	49
602	69	37	54
603	70	40	51
604	68	40	52
605	69	38	52
606	71	37	54
607	74	33	53
608	71	35	54
609	66	38	51
610	71	37	55
611	69	36	55
612	70	39	55
613	69	37	53
614	70	37	54
615	64	40	53
616	68	36	54
617	69	38	55
618	70	37	53
619	70	36	54
620	68	39	55
621	74	30	53
622	69	39	55
623	72	36	54
624	72	37	53
625	70	37	51
626	70	36	52
627	66	40	55
628	71	35	53
629	68	40	55
630	71	34	55
631	66	37	54
632	70	38	53
633	69	38	51
634	70	35	51
635	68	37	51
636	71	37	53
637	68	39	54
638	68	42	53
639	70	37	54
640	69	39	53
641	68	36	55
642	69	37	52
643	71	38	51
644	70	38	53
645	69	38	55
646	74	32	55
647	67	39	55
648	73	34	54
649	69	37	54
650	67	37	54
651	70	35	52
652	70	35	55
653	68	41	51
654	68	39	55
655	67	35	51
656	71	35	54
657	69	37	52
658	74	33	52
659	68	39	52
660	69	39	54
661	67	41	53
662	68	39	53
663	68	41	51
664	71	35	52
665	67	39	55
666	70	35	53
667	65	40	52
668	69	39	54
669	64	41	50
670	66	40	52
671	70	34	54
672	77	29	54
673	73	33	54
674	68	37	54
675	75	31	55
676	69	37	54
677	65	39	54
678	66	38	53
679	74	32	51
680	70	38	53
681	74	35	55
682	68	40	50
683	74	33	52
684	71	34	53
685	69	35	55
686	71	37	52
687	69	35	53
688	68	38	54
689	68	39	53
690	69	39	52
691	73	32	52
692	68	40	54
693	70	38	54
694	68	37	52
695	68	39	54
696	70	39	49
697	70	37	55
698	71	33	53
699	73	33	54
700	71	37	55
701	66	39	55
702	70	36	49
703	72	36	51
704	72	35	51
705	71	37	53
706	67	40	54
707	71	37	52
708	67	41	53
709	73	34	55
710	71	33	54
711	74	31	54
712	73	34	54
713	69	39	53
714	69	39	54
715	72	36	54
716	69	39	55
717	67	37	54
718	66	35	51
719	69	39	53
720	67	40	54
721	66	41	51
722	75	29	55
723	71	35	50
724	68	38	55
725	65	40	55
726	73	33	53
727	72	35	49
728	71	36	52
729	68	36	54
730	68	37	55
731	69	38	54
732	67	38	51
733	65	43	51
734	68	40	52
735	67	39	53
736	68	37	53
737	67	37	52
738	69	33	55
739	69	39	53
740	73	36	53
741	70	38	46
742	68	39	53
743	69	39	54
744	67	34	55
745	69	38	51
746	70	33	53
747	69	38	49
748	70	35	53
749	69	40	54
750	67	35	54
751	70	37	51
752	68	40	53
753	68	40	52
754	66	38	53
755	69	39	49
756	69	38	51
757	69	34	52
758	71	37	54
759	69	40	55
760	68	38	53
761	74	33	54
762	67	38	54
763	69	40	54
764	65	40	54
765	70	37	55
766	69	37	51
767	66	38	55
768	70	39	53
769	70	34	51
770	70	36	55
771	67	38	53
772	72	34	53
773	67	36	53
774	70	38	55
775	69	41	50
776	68	40	54
777	70	37	52
778	73	35	54
779	73	32	54
780	71	38	53
781	68	40	54
782	70	37	53
783	71	36	54
784	69	40	52
785	71	37	54
786	70	37	52
787	70	39	54
788	68	39	51
789	69	36	55
790	73	35	55
791	70	35	53
792	73	32	54
793	74	33	53
794	68	39	52
795	72	35	55
796	71	39	51
797	65	41	53
798	64	35	53
799	67	39	55
800	72	29	52
801	73	34	54
802	72	33	53
803	70	33	52
804	65	43	53
805	65	41	53
806	65	40	53
807	69	39	53
808	75	31	54
809	65	40	55
810	71	35	45
811	69	34	50
812	70	38	53
813	68	36	54
814	68	38	52
815	68	39	53
816	72	33	54
817	71	37	49
818	71	38	53
819	70	35	52
820	67	39	54
821	65	35	54
822	67	39	52
823	69	39	55
824	74	33	55
825	72	33	54
826	71	36	55
827	71	36	54
828	70	36	55
829	71	35	53
830	71	32	53
831	70	36	54
832	68	36	55
833	72	36	52
834	69	37	55
835	68	35	53
836	70	37	53
837	71	37	52
838	71	37	55
839	68	39	55
840	72	36	54
841	65	41	55
842	68	40	54
843	71	36	54
844	69	35	53
845	67	40	55
846	71	35	53
847	67	38	50
848	66	39	53
849	68	40	51
850	68	37	53
851	65	40	51
852	68	41	51
853	71	37	51
854	74	35	53
855	69	36	51
856	66	37	53
857	69	36	53
858	69	39	53
859	70	35	53
860	69	39	54
861	75	32	53
862	65	36	54
863	73	35	54
864	74	34	52
865	69	40	55
866	70	38	54
867	73	34	51
868	66	40	55
869	68	39	53
870	68	36	51
871	70	34	53
872	67	37	53
873	71	37	50
874	70	40	51
875	69	37	52
876	68	38	55
877	68	40	53
878	69	39	52
879	68	41	51
880	69	39	54
881	69	38	52
882	69	37	53
883	66	40	50
884	67	36	51
885	66	41	51
886	68	40	55
887	66	41	52
888	70	39	54
889	65	34	55
890	69	38	54
891	70	37	55
892	67	37	52
893	67	41	55
894	66	39	51
895	68	40	52
896	67	38	52
897	70	38	51
898	72	35	54
899	69	34	51
900	70	40	51
901	70	37	54
902	68	36	54
903	72	36	53
904	70	39	55
905	72	33	55
906	67	35	55
907	70	38	50
908	70	38	53
909	69	38	53
910	68	36	53
911	67	39	54
912	68	41	53
913	69	39	52
914	67	38	51
915	70	37	53
916	71	33	53
917	70	38	51
918	73	34	53
919	73	35	55
920	66	40	53
921	73	35	53
922	68	37	55
923	69	39	52
924	67	34	53
925	69	35	53
926	70	37	52
927	68	39	53
928	66	36	52
929	73	32	51
930	70	37	52
931	69	37	49
932	69	39	54
933	71	37	54
934	68	36	53
935	74	33	55
936	70	36	52
937	71	34	53
938	65	40	52
939	68	39	54
940	67	39	52
941	69	38	51
942	72	36	52
943	69	37	52
944	73	34	53
945	69	38	53
946	71	37	54
947	67	36	54
948	68	34	53
949	71	37	55
950	66	39	54
951	69	36	54
952	68	33	54
953	67	38	54
954	70	36	49
955	72	35	55
956	67	38	51
957	70	37	52
958	69	39	53
959	71	36	54
960	68	38	53
961	71	38	55
962	68	39	51
963	66	37	53
964	69	39	54
965	66	39	55
966	70	39	55
967	67	39	55
968	73	34	52
969	69	39	52
970	70	38	53
971	66	39	56
972	67	38	50
973	70	37	54
974	69	39	54
975	69	39	53
976	66	40	54
977	73	32	52
978	68	41	51
979	68	40	52
980	70	38	55
981	72	35	55
982	68	34	54
983	71	36	55
984	67	39	54
985	71	37	54
986	68	37	53
987	69	38	53
988	68	37	52
989	71	35	50
990	68	37	50
991	68	32	54
992	69	36	54
993	67	37	52
994	72	32	54
995	70	34	53
996	70	37	53
997	67	39	53
998	68	39	55
999	70	38	50
1000	67	39	54
