AB->A,B	ABC->A,BC	ABC->B,AC	ABC->C,AB	AC->A,C	BC->B,C
1	2	1	0	1	0	1
2	1	1	0	1	0	0
3	2	0	0	1	0	1
4	4	0	0	1	0	1
5	3	0	0	2	0	0
6	1	1	0	1	0	0
7	1	0	0	1	1	1
8	1	0	0	1	0	2
9	1	0	0	0	1	0
10	2	0	0	0	1	1
11	2	0	0	1	0	0
12	3	0	0	1	1	3
13	2	0	0	1	0	0
14	4	0	0	2	0	0
15	0	0	0	0	1	1
16	3	0	0	1	0	0
17	1	0	0	1	0	0
18	1	0	0	0	1	0
19	3	0	1	1	2	0
20	2	1	0	1	0	1
21	0	0	1	0	1	0
22	2	0	0	1	0	0
23	2	0	0	1	0	0
24	1	0	0	1	0	1
25	1	0	0	1	0	0
26	0	1	0	0	0	1
27	1	0	0	0	1	0
28	3	0	0	1	0	0
29	2	0	0	1	0	2
30	2	0	0	1	0	0
31	1	0	0	1	0	0
32	1	0	0	1	1	0
33	1	0	0	1	0	0
34	2	0	0	1	1	1
35	2	0	0	1	1	2
36	2	0	0	1	0	0
37	2	0	0	1	0	0
38	3	0	1	1	1	0
39	0	0	0	0	1	0
40	3	0	0	1	0	0
41	2	0	0	1	1	0
42	1	0	0	1	0	0
43	1	0	0	1	0	1
44	2	0	0	0	0	2
45	3	0	0	1	0	0
46	3	0	0	2	0	0
47	5	1	0	1	0	0
48	2	0	0	1	0	2
49	2	1	0	1	0	1
50	1	0	0	1	0	1
51	0	0	0	0	1	2
52	1	0	0	1	0	0
53	2	0	0	2	1	0
54	1	0	0	0	1	0
55	1	1	0	0	1	1
56	1	0	0	0	2	0
57	2	0	0	1	0	1
58	3	0	0	1	0	0
59	4	0	0	1	1	0
60	2	0	0	1	2	0
61	1	1	0	2	0	0
62	2	0	0	1	0	0
63	1	0	0	1	0	1
64	2	0	0	1	0	0
65	2	0	0	0	1	1
66	2	0	0	1	0	1
67	3	0	0	1	0	1
68	1	0	0	1	1	1
69	1	0	0	2	0	0
70	2	0	0	1	1	0
71	2	0	0	1	0	0
72	1	0	0	1	0	0
73	0	0	0	0	1	1
74	1	0	0	1	0	2
75	1	0	0	1	0	0
76	2	0	0	1	0	2
77	1	0	0	1	0	0
78	2	0	0	1	0	0
79	0	0	1	0	1	1
80	2	0	0	1	0	2
81	0	2	0	0	0	2
82	1	0	0	1	0	1
83	4	1	0	1	0	0
84	1	0	0	0	1	1
85	2	0	0	1	0	0
86	2	0	0	1	0	1
87	0	0	0	0	1	0
88	1	0	0	1	1	0
89	3	0	0	1	0	0
90	1	0	0	1	0	1
91	2	0	0	1	1	1
92	2	0	0	0	1	1
93	2	0	0	1	0	0
94	1	0	0	1	0	0
95	1	1	0	1	1	1
96	4	0	0	1	0	1
97	0	1	1	0	1	0
98	3	0	0	1	0	0
99	2	0	0	1	0	1
100	1	0	0	1	0	0
101	2	0	0	1	0	0
102	1	0	0	1	0	0
103	1	0	0	2	0	0
104	1	0	0	1	1	0
105	2	0	0	1	0	0
106	1	0	0	1	0	1
107	1	0	0	1	0	1
108	2	0	0	1	0	0
109	2	0	0	1	1	0
110	2	0	0	1	0	0
111	2	0	0	1	0	0
112	1	0	0	1	0	0
113	3	0	0	1	0	0
114	3	0	0	1	0	0
115	2	0	0	1	0	0
116	1	0	1	0	1	0
117	1	0	0	0	1	2
118	1	0	0	1	0	1
119	2	0	0	1	0	0
120	4	0	0	2	0	1
121	1	0	0	1	0	1
122	1	0	0	0	0	0
123	1	0	0	1	1	1
124	0	0	0	0	1	1
125	1	0	0	1	0	0
126	2	0	0	1	0	3
127	1	0	1	0	1	0
128	2	0	0	1	1	0
129	2	0	0	1	0	0
130	0	0	0	0	1	0
131	1	0	0	1	0	2
132	3	0	0	0	1	1
133	2	1	0	1	0	0
134	1	0	0	1	0	0
135	3	0	0	1	1	0
136	2	0	0	1	0	1
137	3	0	0	2	0	1
138	2	0	0	1	0	0
139	2	0	0	1	0	1
140	1	0	0	1	0	0
141	3	0	0	1	0	1
142	1	0	0	1	1	1
143	1	0	0	1	0	0
144	3	0	0	1	0	2
145	1	0	0	1	0	2
146	1	0	0	1	0	0
147	1	0	0	1	1	4
148	2	0	0	1	0	1
149	2	0	0	1	0	0
150	2	0	0	1	0	0
151	1	0	0	0	1	1
152	3	0	0	1	0	0
153	0	1	0	0	0	1
154	2	1	0	1	0	1
155	1	0	0	0	1	0
156	0	0	0	1	0	0
157	1	0	0	0	1	1
158	1	0	0	1	0	1
159	1	1	0	0	0	1
160	2	0	0	1	0	0
161	1	0	0	1	0	0
162	1	0	0	1	0	0
163	2	0	0	1	0	1
164	0	0	2	0	2	0
165	1	0	0	0	2	0
166	1	0	0	1	0	0
167	2	0	0	1	1	1
168	3	0	0	1	0	1
169	1	0	0	1	1	1
170	1	0	0	0	0	1
171	2	0	0	1	0	0
172	1	0	0	1	0	1
173	1	0	0	1	0	0
174	2	0	0	1	0	0
175	1	0	0	0	0	0
176	0	0	0	0	2	1
177	2	0	0	1	0	0
178	4	0	0	0	1	0
179	2	0	0	1	0	0
180	4	0	0	1	0	0
181	1	0	1	0	1	0
182	2	0	0	1	0	0
183	3	0	0	1	1	0
184	2	0	0	0	0	2
185	1	0	0	1	0	1
186	3	0	0	1	0	2
187	2	0	0	1	0	1
188	2	0	0	1	0	0
189	1	0	0	0	1	0
190	2	0	0	1	1	1
191	1	0	0	1	0	1
192	2	0	0	1	0	0
193	0	0	0	0	1	2
194	1	0	0	1	0	1
195	1	0	0	1	0	1
196	3	0	0	1	0	1
197	1	0	0	1	1	1
198	0	0	0	0	1	2
199	2	0	0	1	0	0
200	1	0	0	1	0	2
201	2	0	0	0	1	0
202	2	1	0	1	0	0
203	1	1	0	1	0	1
204	1	0	0	1	0	0
205	1	0	0	1	0	0
206	4	0	0	1	0	1
207	2	0	0	0	1	3
208	1	0	0	0	2	0
209	1	0	0	1	0	1
210	0	0	1	0	1	0
211	2	0	0	1	0	0
212	2	1	0	1	0	1
213	2	0	0	1	0	2
214	0	0	0	0	1	0
215	2	0	0	1	0	0
216	1	0	0	1	1	0
217	2	0	0	1	0	0
218	1	0	0	0	0	0
219	1	0	0	1	1	0
220	2	0	0	1	0	1
221	1	0	1	0	3	1
222	1	0	0	1	0	0
223	1	0	0	0	0	3
224	4	0	0	1	1	0
225	1	0	0	1	0	1
226	1	0	0	0	0	1
227	1	0	1	1	1	2
228	4	0	0	1	0	1
229	1	1	0	0	1	1
230	1	0	0	0	1	1
231	3	0	0	1	0	0
232	2	0	0	1	0	0
233	2	1	0	1	0	1
234	2	0	0	1	0	2
235	4	0	0	2	0	0
236	3	0	0	1	0	1
237	3	0	0	2	0	2
238	3	0	0	1	0	0
239	1	0	0	1	1	0
240	1	0	0	0	1	0
241	3	0	0	1	1	0
242	2	0	0	1	0	2
243	1	1	0	0	0	1
244	1	0	0	2	1	0
245	2	0	0	0	2	1
246	2	0	0	1	1	1
247	1	0	0	1	1	0
248	1	1	0	0	0	1
249	2	0	0	1	0	0
250	1	0	0	0	0	0
251	2	0	0	1	0	0
252	2	0	0	1	0	0
253	2	0	0	0	0	1
254	2	0	1	1	2	0
255	1	0	0	2	0	0
256	3	0	0	1	0	2
257	1	0	0	1	0	2
258	2	0	0	1	0	1
259	1	0	0	1	0	0
260	1	0	0	1	0	0
261	1	0	0	1	0	2
262	2	0	0	0	0	2
263	2	0	0	1	0	2
264	3	0	0	1	0	1
265	1	0	0	0	1	1
266	1	0	0	0	1	1
267	2	0	0	1	0	0
268	2	0	0	0	0	0
269	2	0	0	1	0	0
270	1	0	0	1	0	0
271	3	0	0	1	1	0
272	4	0	0	1	0	0
273	1	0	0	0	1	0
274	2	0	0	1	0	2
275	4	0	0	1	0	0
276	1	0	0	1	0	0
277	1	0	0	1	1	0
278	2	0	0	0	0	0
279	4	0	0	1	0	1
280	1	0	0	0	1	0
281	0	0	1	0	1	1
282	1	0	0	1	0	1
283	3	0	0	1	1	0
284	2	0	0	0	1	1
285	1	0	0	0	0	1
286	2	1	0	1	0	0
287	2	0	0	1	0	0
288	3	0	0	1	0	1
289	3	0	0	1	0	0
290	0	1	0	0	0	1
291	1	0	0	0	0	2
292	2	0	0	2	1	1
293	1	0	0	1	0	1
294	2	0	0	1	0	0
295	1	0	0	1	0	0
296	1	0	0	1	0	1
297	1	0	0	0	2	0
298	1	0	0	1	0	1
299	1	0	0	1	0	1
300	3	0	0	2	0	0
301	2	0	0	1	1	0
302	1	0	0	1	0	0
303	3	0	0	1	0	1
304	1	0	0	1	1	1
305	1	0	0	1	1	0
306	2	0	0	1	0	0
307	1	0	0	0	1	1
308	0	0	0	0	0	0
309	1	0	1	0	2	1
310	2	0	0	1	0	1
311	2	0	0	1	0	0
312	1	0	0	1	0	1
313	1	0	0	1	0	0
314	4	0	0	1	0	1
315	3	1	0	1	0	0
316	1	1	0	0	1	2
317	3	0	0	2	0	0
318	1	0	0	1	0	1
319	0	0	0	0	0	2
320	1	0	0	1	1	0
321	2	0	0	0	0	0
322	0	0	0	0	0	1
323	2	0	0	1	0	1
324	2	0	0	1	0	0
325	1	0	0	1	0	0
326	0	0	2	0	1	0
327	2	0	0	1	0	1
328	2	0	0	1	1	1
329	2	0	0	1	0	0
330	1	0	0	1	0	0
331	1	0	0	0	2	0
332	1	0	0	1	0	0
333	1	0	0	1	0	0
334	2	1	0	1	0	1
335	1	1	0	0	0	2
336	3	0	0	1	0	1
337	1	0	0	0	1	1
338	1	1	0	1	0	0
339	2	0	0	0	0	2
340	0	0	0	0	1	1
341	3	0	0	1	1	1
342	3	0	0	1	0	0
343	1	0	0	1	0	0
344	1	0	0	0	1	1
345	1	0	0	1	1	0
346	2	0	0	1	0	0
347	3	0	0	1	0	1
348	1	0	0	1	0	1
349	1	0	0	1	0	0
350	3	0	0	1	1	0
351	0	0	0	0	1	1
352	1	0	0	1	0	1
353	0	0	0	0	3	0
354	2	0	0	1	0	1
355	0	0	0	0	2	2
356	1	0	0	1	0	1
357	3	0	0	1	3	0
358	1	0	0	1	1	1
359	2	0	0	1	0	3
360	1	0	0	0	2	1
361	2	0	0	1	0	1
362	2	0	0	1	0	0
363	0	0	0	0	1	2
364	1	0	0	1	0	0
365	3	0	0	1	0	2
366	1	1	0	1	0	0
367	2	0	0	1	0	0
368	3	0	0	1	0	1
369	1	1	0	0	0	1
370	5	0	0	1	0	0
371	2	0	0	1	1	1
372	0	0	0	0	1	1
373	1	0	0	0	2	0
374	1	0	0	0	2	1
375	3	0	0	2	1	0
376	2	0	0	1	0	0
377	2	1	0	0	0	2
378	1	0	0	1	0	2
379	2	0	0	1	1	0
380	2	0	0	1	0	0
381	1	1	0	1	2	1
382	0	0	0	0	2	0
383	2	0	0	1	0	0
384	2	0	0	1	1	1
385	2	0	0	1	0	0
386	2	0	0	1	0	1
387	4	0	0	2	0	0
388	1	0	0	1	0	0
389	1	0	0	1	1	1
390	2	0	0	0	2	2
391	2	0	0	1	0	0
392	2	0	0	1	0	0
393	3	0	0	2	0	0
394	3	0	0	1	0	1
395	2	0	0	1	0	0
396	3	0	0	1	1	0
397	0	1	0	0	1	1
398	1	0	0	0	2	1
399	0	0	1	0	3	0
400	2	0	0	1	0	0
401	0	0	0	0	1	1
402	3	0	0	0	1	1
403	1	0	0	0	0	0
404	3	0	0	1	0	1
405	3	0	0	1	1	0
406	1	0	0	1	1	0
407	1	0	0	1	0	1
408	1	0	0	1	0	0
409	2	0	0	1	0	0
410	2	0	1	0	1	2
411	2	0	0	1	0	0
412	3	0	0	1	0	1
413	1	0	0	1	1	1
414	1	0	0	1	1	0
415	2	0	0	1	1	0
416	3	1	0	1	0	1
417	1	0	0	0	2	0
418	1	0	0	1	1	0
419	1	0	0	1	0	2
420	1	0	0	1	0	0
421	2	0	0	1	0	1
422	2	0	0	0	1	1
423	1	0	0	0	2	1
424	2	0	0	1	1	0
425	1	1	0	0	0	1
426	1	0	0	1	1	1
427	2	0	0	1	0	0
428	0	0	0	0	1	2
429	2	0	0	1	0	0
430	2	0	0	1	0	0
431	2	0	0	1	0	0
432	3	0	0	1	0	0
433	1	0	0	1	0	1
434	1	0	1	0	2	0
435	1	0	0	1	0	0
436	2	0	0	1	1	1
437	1	0	0	0	1	0
438	3	0	0	1	1	0
439	1	0	0	1	0	0
440	2	0	0	0	1	1
441	1	0	0	1	0	1
442	1	0	0	1	0	0
443	2	1	0	0	0	1
444	2	0	0	1	0	0
445	0	0	0	0	1	1
446	0	0	0	0	0	1
447	0	1	1	0	0	3
448	1	0	0	1	0	0
449	5	0	0	1	0	2
450	1	0	0	1	1	0
451	0	0	1	1	1	1
452	4	0	0	1	1	0
453	1	0	0	0	0	1
454	1	0	0	1	0	0
455	1	0	0	1	0	0
456	1	0	0	1	0	0
457	1	0	0	1	0	2
458	1	0	0	1	0	1
459	1	1	0	0	0	1
460	3	0	1	1	0	0
461	2	0	0	1	0	0
462	1	0	0	1	0	0
463	2	1	0	1	0	1
464	2	0	0	1	0	0
465	0	0	0	0	1	1
466	2	1	0	1	0	1
467	2	0	0	1	0	0
468	1	0	0	1	1	1
469	1	0	0	1	0	0
470	1	0	0	2	0	0
471	2	0	0	1	0	1
472	1	0	0	1	0	0
473	2	0	0	1	0	2
474	3	0	0	2	0	1
475	0	0	1	0	1	1
476	3	0	0	1	1	0
477	2	0	0	1	0	0
478	1	0	0	1	0	0
479	2	0	0	1	0	2
480	1	0	0	1	0	0
481	2	0	0	1	0	2
482	2	0	0	1	0	0
483	0	0	0	0	1	1
484	1	0	0	1	0	0
485	5	0	0	1	0	0
486	2	0	0	1	0	1
487	1	1	0	1	0	2
488	1	0	0	1	0	0
489	1	0	0	1	0	0
490	1	0	0	1	0	1
491	3	0	0	1	0	1
492	2	0	0	1	0	0
493	1	0	0	1	0	3
494	1	0	0	1	0	0
495	2	0	0	1	1	0
496	2	0	0	2	1	0
497	1	0	0	1	1	2
498	2	0	0	2	0	2
499	3	0	0	1	0	0
500	1	0	0	1	1	1
501	1	1	0	0	0	2
502	2	0	0	1	0	0
503	1	0	0	0	1	0
504	2	0	0	1	0	0
505	1	0	0	0	0	1
506	2	0	0	1	0	0
507	1	1	1	1	0	0
508	3	0	0	1	1	1
509	2	0	0	1	0	2
510	2	1	0	1	0	1
511	1	0	0	1	1	0
512	1	0	0	1	0	0
513	2	0	0	1	0	1
514	2	0	0	1	0	0
515	3	0	0	2	0	0
516	2	0	0	1	1	3
517	3	0	0	1	0	1
518	1	0	0	0	0	3
519	2	0	0	1	0	1
520	1	0	0	1	0	1
521	0	0	0	0	1	1
522	5	0	0	1	0	0
523	1	0	0	0	1	0
524	1	1	0	0	0	1
525	2	0	0	1	0	0
526	1	0	2	0	1	0
527	2	0	0	1	0	2
528	1	0	0	1	0	1
529	1	0	0	1	0	0
530	3	0	0	1	0	0
531	2	0	0	1	0	0
532	1	0	0	1	0	0
533	2	1	0	0	0	1
534	1	0	0	0	1	1
535	2	0	0	0	1	0
536	2	0	0	1	0	1
537	1	0	0	0	1	1
538	1	0	0	1	0	0
539	2	0	0	1	0	3
540	1	0	0	1	0	0
541	2	0	0	1	0	0
542	2	0	0	1	0	0
543	1	0	0	1	0	0
544	2	0	0	1	1	0
545	1	1	0	1	0	0
546	1	0	0	1	0	0
547	3	1	0	1	0	1
548	2	0	0	0	0	1
549	4	0	0	2	1	1
550	1	0	0	1	0	0
551	2	0	0	0	1	0
552	4	0	0	1	0	1
553	1	0	0	1	0	2
554	1	0	0	1	0	0
555	0	0	0	0	1	0
556	1	0	0	1	0	1
557	1	0	0	1	0	0
558	1	0	0	2	1	0
559	2	0	0	1	0	0
560	1	0	0	1	0	0
561	3	0	0	1	0	1
562	1	0	0	0	1	1
563	2	0	0	1	1	3
564	1	0	0	1	1	2
565	1	0	0	1	1	1
566	3	0	0	1	0	0
567	1	0	0	1	0	2
568	2	0	0	1	0	1
569	3	0	0	1	0	1
570	3	0	0	1	1	2
571	2	0	0	1	1	0
572	2	0	0	1	0	1
573	1	1	0	1	0	0
574	1	0	0	1	1	1
575	2	0	0	1	0	2
576	1	0	0	1	0	0
577	2	0	0	1	0	1
578	1	0	0	1	0	0
579	3	0	0	1	0	0
580	1	0	0	1	0	0
581	4	0	0	1	0	0
582	1	0	0	0	0	0
583	2	0	0	1	1	1
584	2	0	0	1	0	1
585	4	0	0	2	0	1
586	1	0	0	1	0	0
587	2	0	0	1	0	1
588	2	0	0	1	0	0
589	2	0	0	1	2	0
590	1	1	0	0	0	1
591	3	0	0	1	0	1
592	2	0	0	1	0	1
593	1	0	0	1	0	0
594	3	0	0	1	0	2
595	3	1	0	0	0	3
596	0	0	0	0	1	1
597	1	0	0	0	0	3
598	2	0	0	1	0	0
599	1	0	0	1	0	0
600	1	0	0	1	1	0
601	2	0	0	1	0	1
602	1	0	0	1	0	0
603	0	0	0	0	0	0
604	4	0	0	1	0	0
605	3	0	0	1	0	1
606	2	0	0	1	1	0
607	1	0	0	1	0	0
608	2	0	0	1	0	1
609	2	1	0	1	0	2
610	1	0	0	0	3	1
611	2	0	0	1	0	0
612	0	0	0	0	0	0
613	0	0	0	0	1	1
614	1	0	0	1	0	0
615	2	0	0	1	0	0
616	2	0	0	0	0	1
617	3	1	0	1	0	0
618	2	0	0	2	0	0
619	0	0	0	0	1	1
620	1	0	1	1	1	0
621	1	0	0	1	1	0
622	2	0	0	1	0	0
623	1	0	0	0	0	1
624	3	0	0	0	1	1
625	2	0	0	1	0	1
626	2	0	0	1	0	1
627	1	1	0	0	0	2
628	1	0	0	0	1	0
629	2	0	0	1	1	0
630	2	0	0	1	0	0
631	2	0	1	1	1	0
632	1	0	0	1	0	0
633	1	1	0	0	0	2
634	2	0	0	1	0	1
635	1	0	0	1	0	2
636	1	0	0	1	0	0
637	1	0	0	0	1	0
638	1	0	0	1	0	3
639	4	0	0	1	0	0
640	1	0	0	1	0	0
641	1	0	0	0	2	1
642	2	0	0	0	0	2
643	2	0	0	1	0	1
644	1	0	0	1	0	0
645	2	0	0	1	0	1
646	2	0	0	2	0	1
647	2	0	0	1	1	0
648	1	1	0	1	0	1
649	1	0	0	0	2	0
650	2	0	0	2	0	1
651	2	0	0	1	0	1
652	2	0	0	2	0	0
653	1	0	0	0	1	2
654	5	0	0	1	0	0
655	1	0	0	1	0	0
656	1	0	0	1	1	0
657	1	0	0	1	0	1
658	4	0	0	1	1	0
659	3	0	0	1	0	0
660	1	0	0	1	1	0
661	1	0	0	0	1	0
662	2	0	0	1	0	0
663	1	0	0	1	0	1
664	1	0	0	1	1	2
665	1	0	0	1	0	1
666	2	0	0	1	1	1
667	1	0	0	1	0	0
668	1	0	0	1	0	0
669	1	0	0	2	0	0
670	1	0	0	1	0	1
671	1	0	0	1	0	0
672	2	0	0	1	1	0
673	3	0	0	1	0	0
674	2	1	0	1	0	0
675	0	0	0	0	0	0
676	1	0	0	1	0	0
677	2	0	0	0	0	0
678	2	0	1	1	1	1
679	2	0	0	1	0	1
680	1	1	0	1	0	0
681	0	0	0	0	0	0
682	1	0	0	1	0	1
683	3	0	0	1	1	0
684	3	0	0	1	0	0
685	4	0	0	1	0	0
686	2	0	0	1	0	0
687	1	0	0	1	0	1
688	2	0	0	1	0	0
689	2	1	0	1	0	0
690	1	0	0	1	0	0
691	1	0	0	0	1	0
692	2	0	0	1	0	0
693	1	0	0	0	1	0
694	3	0	0	1	0	0
695	2	0	0	1	0	0
696	0	1	0	0	0	1
697	1	0	0	0	2	0
698	1	0	0	0	1	0
699	1	0	0	1	2	0
700	1	0	0	0	0	0
701	2	0	0	1	0	0
702	3	1	0	1	0	0
703	0	0	0	0	2	0
704	2	0	0	1	1	0
705	2	0	1	1	1	0
706	2	0	0	1	0	0
707	2	0	0	0	1	1
708	1	0	0	1	0	0
709	3	0	0	1	2	0
710	0	1	1	0	1	0
711	1	0	0	1	0	0
712	2	0	0	1	0	0
713	3	0	0	1	1	2
714	1	0	0	1	0	0
715	3	0	0	1	0	0
716	2	0	0	1	0	4
717	1	0	0	0	0	2
718	2	0	0	0	1	0
719	3	0	0	1	1	0
720	2	0	0	1	0	1
721	2	0	0	1	0	1
722	3	0	0	1	0	1
723	2	0	0	1	1	0
724	2	0	0	1	1	1
725	2	0	0	1	0	0
726	1	0	0	1	0	0
727	0	0	0	0	0	1
728	2	0	0	1	0	1
729	1	0	0	0	1	1
730	0	1	0	0	0	2
731	2	0	0	0	1	0
732	2	1	1	0	1	0
733	0	0	0	0	0	2
734	1	0	0	1	0	1
735	2	0	0	0	0	2
736	1	1	0	1	0	2
737	2	0	0	1	2	2
738	2	0	0	1	0	0
739	2	1	0	1	0	3
740	3	0	0	1	1	0
741	2	0	0	0	1	1
742	2	0	0	1	0	0
743	1	0	0	1	0	0
744	3	0	0	1	0	1
745	3	0	0	0	0	2
746	2	0	0	1	1	0
747	0	0	0	0	2	1
748	1	0	0	0	1	1
749	1	0	0	1	0	0
750	1	0	0	0	0	1
751	3	0	0	1	0	1
752	3	0	0	1	0	0
753	1	0	0	1	0	0
754	1	1	1	0	1	1
755	2	0	0	0	0	1
756	1	0	0	0	1	0
757	1	0	0	1	0	0
758	2	0	0	1	0	0
759	0	0	0	0	2	0
760	3	0	0	2	0	0
761	1	0	0	1	0	0
762	1	0	0	1	0	0
763	2	0	0	1	0	0
764	1	0	1	0	1	0
765	2	0	0	1	1	0
766	2	0	0	1	0	0
767	2	1	0	1	0	1
768	1	0	0	1	1	0
769	3	0	0	0	0	2
770	3	0	0	1	0	0
771	1	0	0	0	1	0
772	2	1	0	1	0	0
773	1	0	0	1	0	1
774	1	0	0	1	0	1
775	1	0	0	1	0	1
776	2	0	0	1	1	0
777	2	0	0	1	1	0
778	1	0	0	0	2	1
779	3	0	0	2	0	0
780	1	0	0	1	1	1
781	2	0	0	2	1	0
782	4	0	0	1	0	0
783	0	0	0	0	1	0
784	0	0	0	0	1	1
785	3	0	0	1	1	1
786	2	1	0	1	1	2
787	1	0	0	1	0	0
788	1	1	0	0	0	1
789	1	0	1	0	3	0
790	2	0	0	1	0	0
791	3	0	0	1	0	1
792	0	0	0	0	1	0
793	2	0	0	1	0	0
794	1	1	0	0	0	1
795	2	0	0	1	0	0
796	2	0	0	1	0	1
797	1	0	0	1	0	0
798	1	0	0	1	2	1
799	3	0	0	1	0	2
800	1	0	0	1	1	0
801	1	0	0	1	1	1
802	1	0	0	1	0	1
803	1	0	0	2	0	0
804	2	0	0	1	0	0
805	1	0	0	1	0	0
806	1	0	0	1	1	1
807	3	0	0	1	0	1
808	1	0	0	1	0	1
809	1	0	0	1	1	0
810	2	0	0	1	0	1
811	1	0	0	1	0	3
812	1	0	0	1	0	2
813	2	0	0	1	2	0
814	2	0	0	1	0	0
815	1	0	0	0	1	0
816	1	0	0	1	0	1
817	2	0	0	0	0	1
818	5	0	0	1	0	0
819	2	0	0	1	0	0
820	2	1	1	1	0	1
821	2	0	0	1	0	0
822	2	0	0	1	0	0
823	4	0	0	2	0	0
824	2	0	0	1	1	0
825	2	0	0	1	1	0
826	2	0	0	0	0	0
827	1	0	0	1	0	1
828	2	0	0	1	0	0
829	2	0	0	1	0	1
830	1	0	0	1	1	1
831	3	0	0	0	0	0
832	2	1	0	1	0	1
833	1	0	0	1	1	0
834	1	0	0	0	1	1
835	1	0	0	1	0	1
836	0	1	0	0	0	1
837	0	0	0	0	1	2
838	2	0	0	1	0	0
839	1	0	0	1	1	1
840	1	0	0	1	0	0
841	1	0	0	1	1	0
842	4	1	0	1	0	0
843	2	0	0	0	1	0
844	2	0	0	1	0	0
845	1	1	0	1	0	0
846	3	0	0	1	0	1
847	1	1	1	1	0	0
848	1	0	0	1	0	0
849	1	0	0	1	1	0
850	1	0	0	1	0	1
851	0	0	1	0	2	0
852	2	0	0	0	1	1
853	1	0	0	1	0	0
854	2	0	0	0	1	1
855	2	0	0	0	1	2
856	2	0	0	0	0	2
857	2	1	0	1	1	0
858	0	0	0	0	1	0
859	2	0	0	1	0	0
860	2	0	0	1	0	1
861	2	0	0	0	2	1
862	3	0	0	0	0	2
863	1	0	0	0	1	0
864	1	0	0	1	0	2
865	1	0	0	1	0	1
866	2	0	0	0	0	1
867	1	0	0	0	1	1
868	2	1	0	0	0	2
869	1	0	0	1	0	1
870	2	1	0	1	0	1
871	0	0	1	1	2	0
872	2	0	0	1	0	0
873	2	0	0	1	0	0
874	2	0	0	1	0	1
875	1	0	0	1	2	1
876	3	0	0	1	0	0
877	1	0	0	1	0	0
878	0	0	0	0	0	1
879	2	0	0	0	0	3
880	0	0	0	0	0	0
881	2	0	0	1	0	1
882	3	0	0	1	1	0
883	1	0	0	1	0	3
884	3	0	0	1	0	0
885	2	1	0	1	0	1
886	1	0	0	0	1	0
887	1	0	0	1	1	1
888	1	0	0	1	1	1
889	2	0	0	1	0	0
890	1	0	0	0	0	1
891	2	0	0	1	0	0
892	0	0	1	0	1	0
893	2	0	0	1	0	0
894	1	0	2	1	1	1
895	2	0	0	1	1	2
896	1	0	0	1	0	0
897	1	0	0	0	1	1
898	1	0	0	1	0	0
899	1	0	0	1	1	0
900	2	0	0	2	0	0
901	3	1	0	1	0	0
902	1	1	0	0	0	1
903	1	0	0	0	1	0
904	2	0	0	1	0	0
905	2	0	0	1	0	0
906	1	0	0	0	0	1
907	2	0	0	0	0	1
908	1	0	0	1	1	0
909	2	0	0	2	0	1
910	1	0	0	1	0	1
911	2	0	0	1	0	0
912	1	0	0	1	0	0
913	3	0	0	1	1	1
914	3	0	0	1	0	1
915	2	0	0	1	1	1
916	1	0	0	0	1	2
917	0	0	0	0	1	1
918	2	0	0	1	0	0
919	3	0	0	1	0	1
920	3	1	0	0	0	1
921	0	0	0	0	1	1
922	1	0	0	2	0	0
923	2	0	0	0	1	1
924	3	0	2	0	1	0
925	3	0	0	1	0	0
926	0	0	0	0	2	0
927	1	0	0	1	0	1
928	3	0	0	2	0	3
929	1	0	0	1	1	1
930	2	0	0	1	1	0
931	1	0	0	1	0	0
932	1	0	0	1	0	1
933	2	0	0	1	0	0
934	2	0	0	2	0	0
935	2	0	0	1	0	0
936	2	0	0	1	1	2
937	3	0	0	1	0	2
938	2	0	0	1	0	0
939	1	0	0	1	0	1
940	0	0	0	0	2	3
941	0	0	0	0	1	0
942	0	0	0	0	0	0
943	1	0	0	1	0	0
944	1	0	0	1	0	0
945	2	0	0	0	0	0
946	2	0	0	1	0	0
947	1	1	0	1	0	1
948	2	0	0	1	0	0
949	2	0	0	2	0	1
950	1	0	0	1	0	0
951	3	0	0	2	0	1
952	3	0	1	0	1	0
953	1	0	0	1	0	1
954	1	0	0	0	0	1
955	0	0	0	0	1	0
956	1	0	1	0	1	1
957	2	0	0	2	0	0
958	1	0	0	0	1	1
959	2	0	0	1	0	0
960	2	0	0	1	1	0
961	1	0	1	1	1	1
962	1	0	0	1	0	1
963	2	0	0	1	1	0
964	1	0	0	0	1	1
965	1	0	1	0	1	0
966	1	0	0	0	0	1
967	1	1	0	0	0	1
968	2	0	0	1	0	2
969	1	0	0	1	0	1
970	3	0	0	1	1	0
971	1	0	0	1	0	0
972	1	0	0	1	0	0
973	2	0	0	0	1	2
974	1	0	0	1	0	1
975	2	0	0	0	1	0
976	1	0	0	1	0	0
977	2	0	0	1	0	0
978	2	0	0	1	1	1
979	1	0	0	0	1	0
980	1	0	0	0	1	0
981	1	0	0	0	0	1
982	2	1	0	0	0	2
983	1	0	0	0	0	1
984	3	0	0	1	0	0
985	2	0	0	1	0	0
986	2	0	0	0	0	0
987	1	0	0	1	0	1
988	1	0	0	1	2	1
989	1	0	0	1	0	1
990	3	0	0	1	0	0
991	2	0	1	0	2	1
992	0	0	1	0	1	0
993	3	1	0	2	1	1
994	1	0	0	0	2	0
995	2	0	0	1	0	0
996	4	0	0	1	0	0
997	3	0	0	1	1	0
998	2	1	0	1	0	1
999	1	0	0	1	0	2
1000	2	0	0	0	1	2
